test/answer/keystone_species_maxent/까마귀.asc
ncols         567
nrows         515
xllcorner     947975.0
yllcorner     1913749.0
cellsize      30.0
NODATA_value  -9999
[rows 78 to 103 of 515, columns 290 to 347 of 567]
7.09625E-1 7.14233E-1 7.18825E-1 7.23402E-1 7.27962E-1 7.32504E-1 7.37028E-1 7.41532E-1 7.46016E-1 7.50478E-1 7.54919E-1 7.59336E-1 7.63729E-1 7.59336E-1 7.54919E-1 7.50478E-1 7.46016E-1 7.41532E-1 7.37028E-1 7.32504E-1 7.27962E-1 7.23402E-1 7.18825E-1 7.19286E-1 7.22399E-1 7.25751E-1 7.28825E-1 7.31547E-1 7.33826E-1 7.35562E-1 7.36654E-1 7.37028E-1 7.36654E-1 7.35562E-1 7.33826E-1 7.31547E-1 7.28825E-1 7.25751E-1 7.22399E-1 7.18825E-1 7.15076E-1 7.11185E-1 7.07178E-1 7.03076E-1 6.98894E-1 6.94645E-1 6.90339E-1 6.85984E-1 6.81588E-1 6.77154E-1 6.72689E-1 6.68196E-1 6.63678E-1 6.59139E-1 6.54582E-1 6.50008E-1 6.4542E-1 6.40821E-1
7.09625E-1 7.14233E-1 7.18825E-1 7.23402E-1 7.27962E-1 7.32504E-1 7.37028E-1 7.41532E-1 7.46016E-1 7.50478E-1 7.54919E-1 7.59336E-1 7.63729E-1 7.59336E-1 7.54919E-1 7.50478E-1 7.46016E-1 7.41532E-1 7.37028E-1 7.32504E-1 7.27962E-1 7.23657E-1 7.19518E-1 7.22399E-1 7.25751E-1 7.28825E-1 7.32182E-1 7.35206E-1 7.37791E-1 7.39799E-1 7.41087E-1 7.41532E-1 7.41087E-1 7.39799E-1 7.37791E-1 7.35206E-1 7.32182E-1 7.28825E-1 7.25217E-1 7.21418E-1 7.17469E-1 7.13403E-1 7.09242E-1 7.05004E-1 7.00702E-1 6.96346E-1 6.91944E-1 6.87503E-1 6.83028E-1 6.78524E-1 6.73994E-1 6.69443E-1 6.64871E-1 6.60282E-1 6.55679E-1 6.51063E-1 6.46435E-1 6.41798E-1
7.09625E-1 7.14233E-1 7.18825E-1 7.23402E-1 7.27962E-1 7.32504E-1 7.37028E-1 7.41532E-1 7.46016E-1 7.50478E-1 7.54919E-1 7.59336E-1 7.63729E-1 7.59336E-1 7.54919E-1 7.50478E-1 7.46016E-1 7.41532E-1 7.37791E-1 7.33826E-1 7.29709E-1 7.25483E-1 7.21418E-1 7.25217E-1 7.28825E-1 7.32182E-1 7.35206E-1 7.38576E-1 7.41532E-1 7.43901E-1 7.45465E-1 7.46016E-1 7.45465E-1 7.43901E-1 7.41532E-1 7.38576E-1 7.35206E-1 7.31547E-1 7.27678E-1 7.23657E-1 7.19518E-1 7.15289E-1 7.10988E-1 7.06627E-1 7.02218E-1 6.97768E-1 6.93282E-1 6.88767E-1 6.84225E-1 6.79661E-1 6.75076E-1 6.70474E-1 6.65857E-1 6.61227E-1 6.56585E-1 6.51933E-1 6.47272E-1 6.42604E-1
7.09625E-1 7.14233E-1 7.18825E-1 7.23402E-1 7.27962E-1 7.32504E-1 7.37028E-1 7.41532E-1 7.46016E-1 7.50478E-1 7.54919E-1 7.59336E-1 7.63729E-1 7.59336E-1 7.54919E-1 7.51242E-1 7.47779E-1 7.43901E-1 7.39799E-1 7.35562E-1 7.31234E-1 7.26841E-1 7.23657E-1 7.27678E-1 7.31547E-1 7.35206E-1 7.38576E-1 7.41532E-1 7.4493E-1 7.47779E-1 7.49756E-1 7.50478E-1 7.49756E-1 7.47779E-1 7.4493E-1 7.41532E-1 7.37791E-1 7.33826E-1 7.29709E-1 7.25483E-1 7.21176E-1 7.16805E-1 7.12384E-1 7.0792E-1 7.03422E-1 6.98894E-1 6.9434E-1 6.89764E-1 6.85168E-1 6.80555E-1 6.75926E-1 6.71284E-1 6.66631E-1 6.61967E-1 6.57294E-1 6.52614E-1 6.47927E-1 6.43235E-1
7.09625E-1 7.14233E-1 7.18825E-1 7.23402E-1 7.27962E-1 7.32504E-1 7.37028E-1 7.41532E-1 7.46016E-1 7.50478E-1 7.54919E-1 7.59336E-1 7.63729E-1 7.59336E-1 7.57509E-1 7.53873E-1 7.49756E-1 7.45465E-1 7.41087E-1 7.36654E-1 7.32182E-1 7.27678E-1 7.25751E-1 7.29709E-1 7.33826E-1 7.37791E-1 7.41532E-1 7.4493E-1 7.47779E-1 7.51242E-1 7.53873E-1 7.54919E-1 7.53873E-1 7.51242E-1 7.47779E-1 7.43901E-1 7.39799E-1 7.35562E-1 7.31234E-1 7.26841E-1 7.22399E-1 7.17917E-1 7.13403E-1 7.08861E-1 7.04296E-1 6.9971E-1 6.95105E-1 6.90484E-1 6.85848E-1 6.81199E-1 6.76538E-1 6.71867E-1 6.67187E-1 6.62499E-1 6.57804E-1 6.53103E-1 6.48397E-1 6.43687E-1
7.09433E-1 7.14024E-1 7.18597E-1 7.23149E-1 7.27678E-1 7.32182E-1 7.36654E-1 7.41087E-1 7.45465E-1 7.49756E-1 7.53873E-1 7.57509E-1 7.59336E-1 7.63729E-1 7.59336E-1 7.54919E-1 7.50478E-1 7.46016E-1 7.41532E-1 7.37028E-1 7.32504E-1 7.27962E-1 7.28825E-1 7.32182E-1 7.35562E-1 7.39799E-1 7.43901E-1 7.47779E-1 7.51242E-1 7.53873E-1 7.57509E-1 7.59336E-1 7.57509E-1 7.53873E-1 7.49756E-1 7.45465E-1 7.41087E-1 7.36654E-1 7.32182E-1 7.27678E-1 7.23149E-1 7.18597E-1 7.14024E-1 7.09433E-1 7.04826E-1 7.00204E-1 6.95568E-1 6.90919E-1 6.86258E-1 6.81588E-1 6.76907E-1 6.72218E-1 6.67522E-1 6.62819E-1 6.5811E-1 6.53397E-1 6.4868E-1 6.43959E-1
7.08861E-1 7.13403E-1 7.17917E-1 7.22399E-1 7.26841E-1 7.31234E-1 7.35562E-1 7.39799E-1 7.43901E-1 7.47779E-1 7.51242E-1 7.54919E-1 7.59336E-1 7.63729E-1 7.59336E-1 7.54919E-1 7.50478E-1 7.46016E-1 7.41532E-1 7.37028E-1 7.32504E-1 7.28825E-1 7.32182E-1 7.35206E-1 7.38576E-1 7.41532E-1 7.45465E-1 7.49756E-1 7.53873E-1 7.57509E-1 7.59336E-1 7.63729E-1 7.59336E-1 7.54919E-1 7.50478E-1 7.46016E-1 7.41532E-1 7.37028E-1 7.32504E-1 7.27962E-1 7.23402E-1 7.18825E-1 7.14233E-1 7.09625E-1 7.05004E-1 7.00369E-1 6.95723E-1 6.91064E-1 6.86396E-1 6.81718E-1 6.77031E-1 6.72336E-1 6.67634E-1 6.62926E-1 6.58213E-1 6.53495E-1 6.48774E-1 6.4405E-1
7.0792E-1 7.12384E-1 7.16805E-1 7.21176E-1 7.25483E-1 7.29709E-1 7.33826E-1 7.37791E-1 7.41532E-1 7.46016E-1 7.50478E-1 7.54919E-1 7.59336E-1 7.63729E-1 7.59336E-1 7.54919E-1 7.50478E-1 7.46016E-1 7.41532E-1 7.37028E-1 7.32504E-1 7.32182E-1 7.35206E-1 7.38576E-1 7.41532E-1 7.4493E-1 7.47779E-1 7.51242E-1 7.54919E-1 7.59336E-1 7.63729E-1 7.59336E-1 7.57509E-1 7.53873E-1 7.49756E-1 7.45465E-1 7.41087E-1 7.36654E-1 7.32182E-1 7.27678E-1 7.23149E-1 7.18597E-1 7.14024E-1 7.09433E-1 7.04826E-1 7.00204E-1 6.95568E-1 6.90919E-1 6.86258E-1 6.81588E-1 6.76907E-1 6.72218E-1 6.67522E-1 6.62819E-1 6.5811E-1 6.53397E-1 6.4868E-1 6.43959E-1
7.06627E-1 7.10988E-1 7.15289E-1 7.19518E-1 7.23657E-1 7.27962E-1 7.32504E-1 7.37028E-1 7.41532E-1 7.46016E-1 7.50478E-1 7.54919E-1 7.59336E-1 7.63729E-1 7.59336E-1 7.54919E-1 7.50478E-1 7.46016E-1 7.41532E-1 7.37028E-1 7.32504E-1 7.35206E-1 7.38576E-1 7.41532E-1 7.4493E-1 7.47779E-1 7.51242E-1 7.53873E-1 7.57509E-1 7.59336E-1 3.82077E-1 7.59336E-1 7.54919E-1 7.51242E-1 7.47779E-1 7.43901E-1 7.39799E-1 7.35562E-1 7.31234E-1 7.26841E-1 7.22399E-1 7.17917E-1 7.13403E-1 7.08861E-1 7.04296E-1 6.9971E-1 6.95105E-1 6.90484E-1 6.85848E-1 6.81199E-1 6.76538E-1 6.71867E-1 6.67187E-1 6.62499E-1 6.57804E-1 6.53103E-1 6.48397E-1 6.43687E-1
7.06627E-1 7.10988E-1 7.15289E-1 7.19518E-1 7.23657E-1 7.27962E-1 7.32504E-1 7.37028E-1 7.41532E-1 7.46016E-1 7.50478E-1 7.54919E-1 7.59336E-1 7.63729E-1 7.59336E-1 7.54919E-1 7.50478E-1 7.46016E-1 7.41532E-1 7.37028E-1 7.35206E-1 7.38576E-1 7.41532E-1 7.4493E-1 7.47779E-1 7.51242E-1 7.53873E-1 7.57509E-1 7.59336E-1 7.63729E-1 7.59336E-1 7.57509E-1 7.53873E-1 7.49756E-1 7.45465E-1 7.41532E-1 7.37791E-1 7.33826E-1 7.29709E-1 7.25483E-1 7.21176E-1 7.16805E-1 7.12384E-1 7.0792E-1 7.03422E-1 6.98894E-1 6.9434E-1 6.89764E-1 6.85168E-1 6.80555E-1 6.75926E-1 6.71284E-1 6.66631E-1 6.61967E-1 6.57294E-1 6.52614E-1 6.47927E-1 6.43235E-1
7.0792E-1 7.12384E-1 7.16805E-1 7.21176E-1 7.25483E-1 7.29709E-1 7.33826E-1 7.37791E-1 7.41532E-1 7.46016E-1 7.50478E-1 7.54919E-1 7.59336E-1 7.63729E-1 7.59336E-1 7.54919E-1 7.50478E-1 7.46016E-1 7.41532E-1 7.37028E-1 7.37791E-1 7.41532E-1 7.4493E-1 7.47779E-1 7.51242E-1 7.53873E-1 7.57509E-1 7.59336E-1 3.82077E-1 3.78267E-1 7.57509E-1 7.53873E-1 7.51242E-1 7.47779E-1 7.43901E-1 7.39799E-1 7.35562E-1 7.31547E-1 7.27678E-1 7.23657E-1 7.19518E-1 7.15289E-1 7.10988E-1 7.06627E-1 7.02218E-1 6.97768E-1 6.93282E-1 6.88767E-1 6.84225E-1 6.79661E-1 6.75076E-1 6.70474E-1 6.65857E-1 6.61227E-1 6.56585E-1 6.51933E-1 6.47272E-1 6.42604E-1
7.08861E-1 7.13403E-1 7.17917E-1 7.22399E-1 7.26841E-1 7.31234E-1 7.35562E-1 7.39799E-1 7.43901E-1 7.47779E-1 7.51242E-1 7.54919E-1 7.59336E-1 7.63729E-1 7.59336E-1 3.74483E-1 7.50478E-1 7.46016E-1 7.41532E-1 7.37028E-1 7.39799E-1 7.43901E-1 7.47779E-1 7.51242E-1 7.53873E-1 7.57509E-1 7.59336E-1 3.82077E-1 7.59336E-1 7.57509E-1 7.53873E-1 7.51242E-1 7.47779E-1 7.4493E-1 7.41532E-1 7.37791E-1 7.33826E-1 7.29709E-1 7.25483E-1 7.21418E-1 7.17469E-1 7.13403E-1 7.09242E-1 7.05004E-1 7.00702E-1 6.96346E-1 6.91944E-1 6.87503E-1 6.83028E-1 6.78524E-1 6.73994E-1 6.69443E-1 6.64871E-1 6.60282E-1 6.55679E-1 6.51063E-1 6.46435E-1 6.41798E-1
7.09433E-1 7.14024E-1 7.18597E-1 7.23149E-1 7.27678E-1 7.32182E-1 7.36654E-1 7.41087E-1 7.45465E-1 7.49756E-1 7.53873E-1 7.57509E-1 7.59336E-1 7.63729E-1 7.59336E-1 7.54919E-1 7.50478E-1 7.46016E-1 7.41532E-1 7.38576E-1 7.41532E-1 7.45465E-1 7.49756E-1 7.53873E-1 7.57509E-1 7.59336E-1 7.63729E-1 7.59336E-1 7.57509E-1 7.53873E-1 7.51242E-1 7.47779E-1 7.4493E-1 7.41532E-1 7.38576E-1 7.35206E-1 7.31547E-1 7.27678E-1 7.23657E-1 7.19518E-1 7.15289E-1 7.11185E-1 7.07178E-1 7.03076E-1 6.98894E-1 6.94645E-1 6.90339E-1 6.85984E-1 6.81588E-1 6.77154E-1 6.72689E-1 6.68196E-1 6.63678E-1 6.59139E-1 6.54582E-1 6.50008E-1 6.4542E-1 6.40821E-1
7.09625E-1 7.14233E-1 7.18825E-1 7.23402E-1 7.27962E-1 7.32504E-1 7.37028E-1 7.41532E-1 7.46016E-1 7.50478E-1 7.54919E-1 7.59336E-1 7.63729E-1 7.59336E-1 7.57509E-1 7.53873E-1 7.49756E-1 7.45465E-1 7.41087E-1 7.41532E-1 7.4493E-1 7.47779E-1 7.51242E-1 7.54919E-1 7.59336E-1 7.63729E-1 7.59336E-1 7.57509E-1 7.53873E-1 7.51242E-1 7.47779E-1 7.4493E-1 7.41532E-1 7.38576E-1 7.35206E-1 7.32182E-1 7.28825E-1 7.25217E-1 7.21418E-1 7.17469E-1 7.13403E-1 7.09242E-1 7.05004E-1 7.00868E-1 6.96816E-1 6.92684E-1 6.88484E-1 6.84225E-1 6.79915E-1 6.75561E-1 6.71168E-1 6.66742E-1 6.62286E-1 6.57804E-1 6.53299E-1 6.48774E-1 6.44232E-1 6.39674E-1
7.09625E-1 7.14233E-1 7.18825E-1 7.23402E-1 7.27962E-1 7.32504E-1 7.37028E-1 7.41532E-1 7.46016E-1 7.50478E-1 7.54919E-1 7.59336E-1 7.63729E-1 7.59336E-1 7.54919E-1 7.51242E-1 7.47779E-1 7.43901E-1 7.39799E-1 7.43901E-1 7.47779E-1 7.51242E-1 7.53873E-1 7.57509E-1 7.59336E-1 7.63729E-1 7.59336E-1 7.54919E-1 7.51242E-1 7.47779E-1 7.4493E-1 7.41532E-1 7.38576E-1 7.35206E-1 7.32182E-1 7.28825E-1 7.25751E-1 7.22399E-1 7.18825E-1 7.15076E-1 7.11185E-1 7.07178E-1 7.03076E-1 6.98894E-1 6.94645E-1 6.90484E-1 6.86396E-1 6.82239E-1 6.78024E-1 6.73756E-1 6.69443E-1 6.65089E-1 6.60701E-1 6.56282E-1 6.51836E-1 6.47365E-1 6.42874E-1 6.38364E-1
7.09625E-1 7.14233E-1 7.18825E-1 7.23402E-1 7.27962E-1 7.32504E-1 7.37028E-1 7.41532E-1 7.46016E-1 7.50478E-1 7.54919E-1 7.59336E-1 7.63729E-1 7.59336E-1 7.57509E-1 7.53873E-1 7.49756E-1 7.45465E-1 3.63284E-1 3.66534E-1 7.49756E-1 7.53873E-1 7.57509E-1 7.59336E-1 7.63729E-1 7.59336E-1 7.57509E-1 7.53873E-1 7.49756E-1 7.45465E-1 7.41532E-1 7.38576E-1 7.35206E-1 7.32182E-1 7.28825E-1 7.25751E-1 7.22399E-1 7.19286E-1 7.15933E-1 7.12384E-1 7.08672E-1 7.04826E-1 7.00868E-1 6.96816E-1 6.92684E-1 6.88484E-1 6.84225E-1 6.80043E-1 6.75926E-1 6.7175E-1 6.67522E-1 6.63248E-1 6.58933E-1 6.54582E-1 6.50199E-1 6.45789E-1 6.41353E-1 6.36896E-1
7.09433E-1 7.14024E-1 7.18597E-1 7.23149E-1 7.27678E-1 7.32182E-1 7.36654E-1 7.41087E-1 7.45465E-1 7.49756E-1 7.53873E-1 7.57509E-1 7.59336E-1 7.63729E-1 7.59336E-1 7.54919E-1 7.50478E-1 7.46016E-1 3.66534E-1 7.47779E-1 3.71367E-1 7.54919E-1 7.59336E-1 7.63729E-1 7.59336E-1 7.57509E-1 7.53873E-1 7.51242E-1 7.47779E-1 7.43901E-1 7.39799E-1 7.35562E-1 7.32182E-1 7.28825E-1 7.25751E-1 7.22399E-1 7.19286E-1 7.15933E-1 7.12789E-1 7.09433E-1 7.059E-1 7.02218E-1 6.98409E-1 6.94492E-1 6.90484E-1 6.86396E-1 6.82239E-1 6.78024E-1 6.73756E-1 6.69557E-1 6.65418E-1 6.61227E-1 6.5699E-1 6.52711E-1 6.48397E-1 6.4405E-1 6.39674E-1 6.35274E-1
7.09625E-1 7.14233E-1 7.18825E-1 7.23402E-1 7.27962E-1 7.32504E-1 7.37028E-1 7.41532E-1 7.46016E-1 7.50478E-1 7.54919E-1 7.59336E-1 7.63729E-1 7.59336E-1 7.57509E-1 7.53873E-1 7.49756E-1 7.47779E-1 7.49756E-1 3.71367E-1 7.53873E-1 7.57509E-1 7.59336E-1 7.63729E-1 7.59336E-1 7.54919E-1 7.51242E-1 7.47779E-1 7.4493E-1 7.41532E-1 7.37791E-1 7.33826E-1 7.29709E-1 7.25751E-1 7.22399E-1 7.19286E-1 7.15933E-1 7.12789E-1 7.09433E-1 7.06263E-1 7.02903E-1 6.99382E-1 6.95723E-1 6.91944E-1 6.88062E-1 6.84091E-1 6.80043E-1 6.75926E-1 6.7175E-1 6.67522E-1 6.63248E-1 6.59036E-1 6.5488E-1 6.50678E-1 6.46435E-1 6.42156E-1 6.37844E-1 6.33503E-1
7.09433E-1 7.14024E-1 7.18597E-1 7.23149E-1 7.27678E-1 7.32182E-1 7.36654E-1 7.41087E-1 7.45465E-1 7.49756E-1 7.53873E-1 7.57509E-1 7.59336E-1 7.63729E-1 7.59336E-1 7.54919E-1 7.50478E-1 7.51242E-1 7.53873E-1 7.54919E-1 7.57509E-1 7.59336E-1 7.63729E-1 7.59336E-1 7.57509E-1 7.53873E-1 7.49756E-1 7.45465E-1 7.41532E-1 7.38576E-1 7.35206E-1 7.31547E-1 7.27678E-1 7.23657E-1 7.19518E-1 7.15933E-1 7.12789E-1 7.09433E-1 7.06263E-1 7.02903E-1 6.9971E-1 6.96346E-1 6.92833E-1 6.89192E-1 6.85439E-1 6.81588E-1 6.7765E-1 6.73637E-1 6.69557E-1 6.65418E-1 6.61227E-1 6.5699E-1 6.52711E-1 6.48491E-1 6.44323E-1 6.40114E-1 6.35869E-1 6.31591E-1
7.08861E-1 7.13403E-1 7.17917E-1 7.22399E-1 7.26841E-1 7.31234E-1 7.35562E-1 7.39799E-1 7.43901E-1 7.47779E-1 7.51242E-1 7.54919E-1 7.59336E-1 7.63729E-1 7.59336E-1 7.54919E-1 7.54919E-1 7.54919E-1 7.57509E-1 7.59336E-1 7.59336E-1 7.63729E-1 7.59336E-1 7.57509E-1 7.53873E-1 7.51242E-1 7.47779E-1 7.43901E-1 7.39799E-1 7.35562E-1 7.32182E-1 7.28825E-1 7.25217E-1 7.21418E-1 7.17469E-1 7.13403E-1 7.09433E-1 7.06263E-1 7.02903E-1 6.9971E-1 6.96346E-1 6.93132E-1 6.89764E-1 6.86258E-1 6.82633E-1 6.78901E-1 6.75076E-1 6.71168E-1 6.67187E-1 6.6314E-1 6.59036E-1 6.5488E-1 6.50678E-1 6.46435E-1 6.42156E-1 6.37931E-1 6.33755E-1 6.29543E-1
7.09242E-1 7.13403E-1 7.17469E-1 7.21418E-1 7.25483E-1 7.29709E-1 7.33826E-1 7.37791E-1 7.41532E-1 7.46016E-1 7.50478E-1 7.54919E-1 7.59336E-1 7.63729E-1 7.59336E-1 7.57509E-1 7.59336E-1 7.59336E-1 7.59336E-1 7.63729E-1 7.59336E-1 7.59336E-1 7.57509E-1 7.53873E-1 7.51242E-1 7.47779E-1 7.4493E-1 7.41532E-1 7.37791E-1 7.33826E-1 7.29709E-1 7.25751E-1 7.22399E-1 7.18825E-1 7.15076E-1 7.11185E-1 7.07178E-1 7.03076E-1 6.9971E-1 6.96346E-1 6.93132E-1 6.89764E-1 6.86533E-1 6.8316E-1 6.79661E-1 6.76048E-1 6.72336E-1 6.68534E-1 6.64653E-1 6.60701E-1 6.56686E-1 6.52614E-1 6.48491E-1 6.44323E-1 6.40114E-1 6.35869E-1 6.31591E-1 6.27365E-1
7.10988E-1 7.15289E-1 7.19518E-1 7.23657E-1 7.27678E-1 7.31547E-1 7.35206E-1 7.38576E-1 7.41532E-1 7.46016E-1 7.50478E-1 7.54919E-1 7.59336E-1 7.63729E-1 7.59336E-1 7.59336E-1 3.82077E-1 3.82077E-1 7.59336E-1 7.59336E-1 7.57509E-1 7.54919E-1 7.53873E-1 7.51242E-1 7.47779E-1 7.4493E-1 7.41532E-1 7.38576E-1 7.35206E-1 7.31547E-1 7.27678E-1 7.23657E-1 7.19518E-1 7.15933E-1 7.12384E-1 7.08672E-1 7.04826E-1 7.00868E-1 6.96816E-1 6.93132E-1 6.89764E-1 6.86533E-1 6.8316E-1 6.79915E-1 6.76538E-1 6.73043E-1 6.69443E-1 6.65747E-1 6.61967E-1 6.5811E-1 6.54186E-1 6.50199E-1 6.46158E-1 6.42067E-1 6.37931E-1 6.33755E-1 6.29543E-1 6.25299E-1
7.12384E-1 7.16805E-1 7.21176E-1 7.25483E-1 7.29709E-1 7.33826E-1 7.37791E-1 7.41532E-1 7.4493E-1 7.47779E-1 7.51242E-1 7.53873E-1 7.57509E-1 7.59336E-1 7.63729E-1 7.63729E-1 7.59336E-1 7.59336E-1 7.57509E-1 7.54919E-1 7.53873E-1 7.51242E-1 7.49756E-1 7.47779E-1 7.4493E-1 7.41532E-1 7.38576E-1 7.35206E-1 7.32182E-1 7.28825E-1 7.25217E-1 7.21418E-1 7.17469E-1 7.13403E-1 7.09433E-1 7.059E-1 7.02218E-1 6.98409E-1 6.94492E-1 6.90484E-1 6.86533E-1 6.8316E-1 6.79915E-1 6.76538E-1 6.7328E-1 6.699E-1 6.66409E-1 6.63248E-1 6.5997E-1 6.56585E-1 6.53103E-1 6.49532E-1 6.45881E-1 6.42156E-1 6.38364E-1 6.34512E-1 6.30604E-1 6.29299E-1
7.13403E-1 7.17917E-1 7.22399E-1 7.26841E-1 7.31234E-1 7.35562E-1 7.39799E-1 7.43901E-1 7.47779E-1 7.51242E-1 7.53873E-1 7.57509E-1 7.59336E-1 7.63729E-1 3.82077E-1 7.59336E-1 7.57509E-1 7.54919E-1 7.53873E-1 7.51242E-1 7.49756E-1 7.47779E-1 7.45465E-1 7.43901E-1 7.41532E-1 7.38576E-1 7.35206E-1 7.32182E-1 7.28825E-1 7.25751E-1 7.22399E-1 7.18825E-1 7.15076E-1 7.11185E-1 7.07178E-1 7.03076E-1 6.99382E-1 6.95723E-1 6.91944E-1 6.88484E-1 6.86396E-1 6.84091E-1 6.81588E-1 6.78901E-1 6.76048E-1 6.73043E-1 6.699E-1 6.66631E-1 6.63248E-1 6.59761E-1 6.56181E-1 6.52516E-1 6.48774E-1 6.44962E-1 6.41086E-1 6.37154E-1 6.35104E-1 6.33839E-1
7.17469E-1 7.19518E-1 7.23149E-1 7.27678E-1 7.32182E-1 7.36654E-1 7.41087E-1 7.45465E-1 7.49756E-1 7.53873E-1 7.57509E-1 7.59336E-1 7.63729E-1 3.78267E-1 7.59336E-1 7.57509E-1 7.53873E-1 7.51242E-1 7.49756E-1 7.47779E-1 7.45465E-1 7.43901E-1 7.41532E-1 7.39799E-1 7.37791E-1 7.35206E-1 7.32182E-1 7.28825E-1 7.25751E-1 7.22399E-1 7.19286E-1 7.15933E-1 7.12384E-1 7.08672E-1 7.04826E-1 7.00868E-1 6.97768E-1 6.96346E-1 6.94645E-1 6.92684E-1 6.90484E-1 6.88062E-1 6.85439E-1 6.82633E-1 6.79661E-1 6.76538E-1 6.7328E-1 6.699E-1 6.66409E-1 6.62819E-1 6.59139E-1 6.55379E-1 6.51545E-1 6.47646E-1 6.43687E-1 6.40821E-1 6.39674E-1 6.38364E-1
7.21418E-1 7.23657E-1 7.25483E-1 7.27962E-1 7.32504E-1 7.37028E-1 7.41532E-1 7.46016E-1 7.50478E-1 7.54919E-1 7.59336E-1 7.63729E-1 7.59336E-1 3.76697E-1 7.54919E-1 7.53873E-1 7.51242E-1 7.47779E-1 7.45465E-1 7.43901E-1 7.41532E-1 7.39799E-1 7.37791E-1 7.35562E-1 7.33826E-1 7.31547E-1 7.28825E-1 7.25751E-1 7.22399E-1 7.19286E-1 7.15933E-1 7.12789E-1 7.09433E-1 7.059E-1 7.04296E-1 7.03422E-1 7.02218E-1 7.00702E-1 6.98894E-1 6.96816E-1 6.94492E-1 6.91944E-1 6.89192E-1 6.86258E-1 6.8316E-1 6.79915E-1 6.76538E-1 6.73043E-1 6.69443E-1 6.65747E-1 6.61967E-1 6.5811E-1 6.54186E-1 6.50199E-1 6.46435E-1 6.4542E-1 6.44232E-1 6.42874E-1
