test/answer/keystone_species_maxent/까마귀.asc
ncols         567
nrows         515
xllcorner     947975.0
yllcorner     1913749.0
cellsize      30.0
NODATA_value  -9999
[rows 234 to 259 of 515, columns 290 to 347 of 567]
5.44782E-5 1.79852E-5 3.19526E-5 9.09617E-5 2.54783E-4 6.97446E-4 1.84574E-3 4.6379E-3 1.07294E-2 2.16924E-2 4.21441E-2 1.22167E-1 3.25755E-1 6.96346E-1 6.99382E-1 3.32483E-1 1.27018E-1 3.36213E-1 7.09242E-1 3.39107E-1 7.12384E-1 7.13403E-1 7.14024E-1 7.14233E-1 7.14024E-1 7.13403E-1 7.12384E-1 3.42241E-1 1.31727E-1 5.58485E-2 2.44184E-2 2.46285E-2 4.01249E-2 5.78463E-2 1.08639E-1 1.39189E-1 2.48845E-1 3.63284E-1 7.41087E-1 3.61864E-1 1.4071E-1 1.11609E-1 1.43487E-1 1.13798E-1 6.18744E-2 2.71932E-2 1.04585E-2 3.83147E-3 1.35366E-3 4.68835E-4 5.82483E-4 1.19857E-3 2.22104E-3 4.89768E-3 1.40649E-2 3.96272E-2 1.05045E-1 2.37677E-1
5.42014E-5 5.10045E-5 4.3094E-5 5.89727E-5 1.57055E-4 4.04253E-4 9.92053E-4 2.27392E-3 4.72122E-3 1.24444E-2 3.56728E-2 9.6438E-2 2.23058E-1 3.30612E-1 7.02903E-1 3.35248E-1 1.28291E-1 2.31258E-1 3.40955E-1 7.15289E-1 7.16805E-1 7.17917E-1 7.18597E-1 7.18825E-1 7.18597E-1 7.17917E-1 7.16805E-1 3.4409E-1 2.37108E-1 1.05045E-1 3.97531E-2 5.73663E-2 1.07888E-1 1.38739E-1 2.49119E-1 3.65238E-1 2.51553E-1 2.51897E-1 3.66534E-1 2.50582E-1 1.10911E-1 4.21478E-2 5.07412E-2 4.30844E-2 2.68507E-2 1.3607E-2 5.87273E-3 2.333E-3 8.81904E-4 5.02845E-4 1.20673E-3 2.70355E-3 5.48538E-3 9.66003E-3 1.3985E-2 2.42766E-2 5.56992E-2 1.03275E-1
1.61541E-4 1.52484E-4 1.26092E-4 9.20124E-5 8.73197E-5 2.10711E-4 4.79689E-4 1.10049E-3 3.11732E-3 8.562E-3 2.22489E-2 5.19559E-2 9.81094E-2 2.26642E-1 3.35522E-1 2.30273E-1 1.29535E-1 3.42241E-1 7.17469E-1 7.19518E-1 7.21176E-1 7.22399E-1 7.23149E-1 7.23402E-1 7.23149E-1 7.22399E-1 7.21176E-1 7.19518E-1 3.48918E-1 1.34814E-1 5.72662E-2 1.07888E-1 2.47308E-1 3.63284E-1 3.6609E-1 7.47779E-1 3.70117E-1 1.43195E-1 1.42919E-1 1.11609E-1 5.98992E-2 2.62354E-2 1.72766E-2 1.53034E-2 1.05931E-2 5.87273E-3 2.84489E-3 1.24188E-3 5.05717E-4 8.67359E-4 2.24486E-3 5.52019E-3 1.24901E-2 2.46894E-2 3.93875E-2 4.63637E-2 3.85279E-2 3.82757E-2
4.85603E-4 4.54641E-4 3.65821E-4 2.56142E-4 1.58791E-4 1.00997E-4 2.65363E-4 7.26776E-4 1.92435E-3 4.83784E-3 1.11968E-2 2.26451E-2 5.28728E-2 9.98064E-2 1.28545E-1 1.29672E-1 1.30737E-1 2.3561E-1 3.47163E-1 3.48918E-1 7.25483E-1 7.26841E-1 7.27678E-1 7.27962E-1 7.27678E-1 7.26841E-1 7.25483E-1 3.48918E-1 2.39479E-1 1.06312E-1 1.07489E-1 2.4683E-1 3.63284E-1 7.4493E-1 7.47779E-1 3.71367E-1 2.56858E-1 1.13798E-1 5.07412E-2 4.23251E-2 2.62354E-2 1.32241E-2 5.84164E-3 5.26949E-3 3.90161E-3 2.36314E-3 1.24565E-3 5.92253E-4 4.66172E-4 1.31534E-3 3.6412E-3 9.77018E-3 2.48165E-2 5.66612E-2 1.0461E-1 1.31966E-1 1.02312E-1 5.41704E-2
1.46049E-3 1.3502E-3 1.04836E-3 6.96599E-4 4.06038E-4 2.12919E-4 1.63409E-4 4.9073E-4 1.46839E-3 4.36703E-3 1.28382E-2 3.68199E-2 9.95243E-2 2.29846E-1 3.40174E-1 3.42902E-1 3.455E-1 2.37677E-1 1.33947E-1 3.52095E-1 7.29709E-1 7.31234E-1 7.32182E-1 7.32504E-1 7.32182E-1 3.5493E-1 3.53711E-1 2.40771E-1 1.05501E-1 5.72169E-2 1.37639E-1 3.61864E-1 7.43901E-1 7.47779E-1 7.51242E-1 7.53873E-1 3.76697E-1 1.46636E-1 5.12659E-2 1.72247E-2 1.02945E-2 5.84164E-3 2.86006E-3 1.81615E-3 1.37532E-3 8.98072E-4 5.96778E-4 6.37546E-4 6.29725E-4 1.70322E-3 4.95307E-3 1.42287E-2 3.98506E-2 1.0512E-1 2.37108E-1 3.4409E-1 2.32512E-1 1.0069E-1
4.38611E-3 3.98435E-3 2.94818E-3 1.83082E-3 9.89486E-4 4.81305E-4 2.16466E-4 5.33103E-4 1.61614E-3 4.89354E-3 1.47659E-2 4.41023E-2 1.27795E-1 3.39258E-1 7.15076E-1 7.18825E-1 7.22399E-1 3.50569E-1 1.3522E-1 2.43068E-1 3.57013E-1 7.35562E-1 3.593E-1 3.59604E-1 3.593E-1 2.45479E-1 1.37011E-1 1.06835E-1 5.68397E-2 4.77585E-2 1.38036E-1 3.62919E-1 7.45465E-1 7.49756E-1 3.73593E-1 3.76697E-1 2.60382E-1 1.16581E-1 4.33093E-2 1.52228E-2 5.20238E-3 2.36314E-3 1.27807E-3 6.1417E-4 9.02863E-4 1.35777E-3 1.75138E-3 1.89873E-3 1.87772E-3 1.85584E-3 5.48538E-3 1.61666E-2 4.71685E-2 1.33401E-1 3.45681E-1 7.15289E-1 3.39258E-1 1.27795E-1
1.3127E-2 1.16214E-2 8.03707E-3 4.56714E-3 2.2513E-3 1.00541E-3 4.19445E-4 5.35333E-4 1.6233E-3 4.91652E-3 1.48395E-2 4.43336E-2 1.28482E-1 3.40955E-1 7.17469E-1 3.47163E-1 3.50147E-1 2.41449E-1 3.5569E-1 3.58127E-1 7.37791E-1 3.61864E-1 2.48845E-1 1.39829E-1 1.39664E-1 1.09228E-1 5.82605E-2 4.04637E-2 2.48607E-2 4.01608E-2 1.08417E-1 2.49119E-1 3.66991E-1 7.50478E-1 3.74483E-1 1.46636E-1 1.16581E-1 6.26491E-2 2.71932E-2 1.04585E-2 3.83147E-3 1.37532E-3 6.1417E-4 1.26176E-3 2.35061E-3 3.79129E-3 5.12545E-3 5.64234E-3 5.57929E-3 4.95307E-3 4.89768E-3 1.40649E-2 3.93875E-2 1.03989E-1 2.34831E-1 3.40955E-1 2.30166E-1 9.9571E-2
3.89234E-2 3.30868E-2 2.0729E-2 1.0486E-2 4.6379E-3 1.88912E-3 7.30748E-4 4.96896E-4 1.48792E-3 4.42862E-3 1.30303E-2 3.74018E-2 1.01155E-1 2.33584E-1 3.45681E-1 2.3841E-1 1.34814E-1 3.55181E-1 7.35206E-1 3.60864E-1 3.63284E-1 2.50582E-1 1.10911E-1 5.96055E-2 4.95561E-2 4.1459E-2 2.55226E-2 1.44209E-2 9.76037E-3 2.48831E-2 5.81378E-2 1.09739E-1 2.51897E-1 3.70724E-1 2.57528E-1 1.15181E-1 4.3857E-2 2.71932E-2 1.34344E-2 5.84164E-3 3.85188E-3 2.39367E-3 1.26176E-3 2.84489E-3 5.78044E-3 1.02169E-2 1.48032E-2 1.67409E-2 1.65472E-2 1.42985E-2 9.66003E-3 9.55545E-3 2.42766E-2 5.54114E-2 1.02312E-1 1.29132E-1 1.00143E-1 5.29953E-2
1.12386E-1 8.89741E-2 4.8066E-2 2.10354E-2 8.28264E-3 3.08725E-3 1.11607E-3 4.27285E-4 1.14461E-3 3.24694E-3 8.93144E-3 2.32434E-2 5.43468E-2 1.02724E-1 1.32538E-1 1.0512E-1 1.06312E-1 2.44433E-1 3.60224E-1 2.49119E-1 1.41095E-1 1.11609E-1 6.02308E-2 2.61784E-2 1.70226E-2 1.48032E-2 1.00338E-2 5.57929E-3 5.52019E-3 1.24901E-2 2.51744E-2 5.87946E-2 1.10911E-1 1.42919E-1 1.13473E-1 6.15562E-2 2.68507E-2 1.74981E-2 1.7406E-2 1.53034E-2 1.05931E-2 5.87273E-3 2.84489E-3 5.78044E-3 1.31245E-2 2.59781E-2 4.15789E-2 4.90146E-2 4.85068E-2 4.03086E-2 2.46894E-2 1.22007E-2 1.20628E-2 2.38636E-2 3.81007E-2 4.48472E-2 3.72366E-2 2.27981E-2
3.0079E-1 2.05475E-1 9.01913E-2 3.40454E-2 1.2146E-2 4.23151E-3 1.45779E-3 1.13251E-3 1.97104E-3 3.25427E-3 5.02569E-3 1.16491E-2 2.35971E-2 3.85753E-2 4.64886E-2 3.95355E-2 5.72169E-2 1.07991E-1 1.39189E-1 1.10443E-1 5.98992E-2 4.23251E-2 2.64332E-2 1.3264E-2 5.78044E-3 5.14743E-3 3.72528E-3 5.61716E-3 9.88826E-3 1.42985E-2 1.63503E-2 2.53982E-2 4.1459E-2 4.98784E-2 4.23251E-2 2.64332E-2 4.27683E-2 5.12659E-2 5.15324E-2 4.3857E-2 2.68507E-2 1.33635E-2 5.78044E-3 1.02169E-2 2.59781E-2 5.94255E-2 1.09739E-1 1.38739E-1 1.3751E-1 1.06835E-1 5.66612E-2 2.42766E-2 9.33957E-3 9.23013E-3 1.3357E-2 1.51065E-2 1.30612E-2 8.82059E-3
6.5811E-1 3.04226E-1 1.15375E-1 4.05853E-2 1.3905E-2 4.72122E-3 1.92362E-3 3.17634E-3 4.90599E-3 8.85249E-3 1.31243E-2 1.52009E-2 1.34625E-2 1.36347E-2 1.57909E-2 1.3985E-2 2.48607E-2 4.06272E-2 4.89538E-2 4.16415E-2 2.61245E-2 1.50641E-2 1.04033E-2 5.87273E-3 3.83147E-3 5.18666E-3 5.71224E-3 1.29093E-2 2.54906E-2 4.06272E-2 4.81601E-2 4.08456E-2 2.55226E-2 1.68155E-2 2.61245E-2 6.09296E-2 1.14606E-1 1.46636E-1 1.48384E-1 1.15181E-1 6.15562E-2 2.64332E-2 1.02169E-2 1.48032E-2 4.15789E-2 1.09739E-1 2.47308E-1 3.58127E-1 3.5569E-1 2.41449E-1 1.05045E-1 3.89484E-2 1.3592E-2 4.62477E-3 4.57155E-3 5.03555E-3 4.46671E-3 3.22837E-3
6.58213E-1 3.043E-1 1.15408E-1 4.88026E-2 2.13653E-2 8.41463E-3 4.78384E-3 8.63277E-3 1.27997E-2 2.27669E-2 3.72366E-2 4.4894E-2 3.81874E-2 2.39534E-2 1.21298E-2 5.36884E-3 9.68615E-3 1.43579E-2 1.66286E-2 1.47289E-2 1.01945E-2 5.79796E-3 3.85188E-3 5.94846E-3 1.04585E-2 1.51095E-2 1.70579E-2 2.58484E-2 5.88672E-2 1.08417E-1 1.38451E-1 1.09739E-1 5.94255E-2 2.59781E-2 6.04818E-2 1.13798E-1 2.60382E-1 3.82077E-1 3.78267E-1 2.59197E-1 1.13473E-1 4.23251E-2 1.48032E-2 1.67899E-2 4.90146E-2 1.38739E-1 3.58127E-1 7.32182E-1 7.28825E-1 3.50569E-1 1.32963E-1 4.60355E-2 1.54402E-2 5.12267E-3 1.69316E-3 1.674E-3 1.51115E-3 1.63543E-3
6.5811E-1 3.04226E-1 2.07994E-1 9.13813E-2 3.45101E-2 1.23143E-2 1.09471E-2 2.21869E-2 3.62939E-2 5.25864E-2 9.95243E-2 1.28545E-1 1.0197E-1 5.52724E-2 2.42424E-2 9.55545E-3 3.56329E-3 4.93711E-3 5.57221E-3 5.06271E-3 3.74652E-3 5.78044E-3 1.04033E-2 1.53034E-2 2.67101E-2 4.26416E-2 5.01561E-2 4.16415E-2 1.09608E-1 2.4614E-1 3.61864E-1 2.50582E-1 1.11609E-1 6.04818E-2 1.13473E-1 2.59197E-1 3.78267E-1 7.63729E-1 7.59336E-1 3.74483E-1 1.43487E-1 4.98784E-2 1.67899E-2 1.66286E-2 4.86128E-2 1.3751E-1 3.5569E-1 7.28825E-1 3.50569E-1 2.37677E-1 1.03402E-1 3.83658E-2 1.34014E-2 4.56431E-3 1.53618E-3 5.55445E-4 5.49255E-4 1.62662E-3
3.0079E-1 6.62499E-1 3.07246E-1 1.16669E-1 4.10579E-2 1.40684E-2 2.18827E-2 5.12298E-2 9.7014E-2 1.25346E-1 2.27411E-1 3.37489E-1 2.32512E-1 1.03027E-1 3.90538E-2 1.39522E-2 4.86191E-3 1.67449E-3 1.85584E-3 2.26013E-3 5.67989E-3 1.31245E-2 2.64332E-2 4.27683E-2 6.09296E-2 1.12663E-1 1.42168E-1 1.10443E-1 1.39189E-1 3.60224E-1 7.41532E-1 3.66534E-1 2.54243E-1 1.13473E-1 2.59197E-1 3.78267E-1 7.63729E-1 7.59336E-1 3.76697E-1 2.56858E-1 1.12209E-1 4.16415E-2 1.45422E-2 1.44209E-2 4.04637E-2 1.07017E-1 2.41449E-1 3.50569E-1 2.37677E-1 1.03402E-1 5.48733E-2 2.35571E-2 9.08124E-3 3.31053E-3 1.16981E-3 4.05685E-4 5.45741E-4 1.61679E-3
3.00443E-1 6.61967E-1 3.0686E-1 1.16495E-1 4.09906E-2 1.40437E-2 3.52871E-2 9.56657E-2 2.21974E-1 3.30006E-1 3.33384E-1 7.0792E-1 3.40174E-1 1.31035E-1 4.63329E-2 1.58942E-2 5.39535E-3 1.82458E-3 1.29258E-3 3.65923E-3 1.00338E-2 2.59781E-2 6.02308E-2 1.1243E-1 1.42919E-1 2.52999E-1 3.6609E-1 2.49119E-1 1.08639E-1 2.48056E-1 3.65238E-1 7.47779E-1 3.71367E-1 1.44906E-1 3.78267E-1 7.63729E-1 7.59336E-1 3.76697E-1 3.73593E-1 2.55183E-1 1.11609E-1 4.1459E-2 1.44709E-2 9.77018E-3 2.48607E-2 5.68397E-2 1.05195E-1 1.32963E-1 1.03402E-1 5.48733E-2 2.35571E-2 1.16675E-2 5.05314E-3 2.01399E-3 7.61919E-4 2.786E-4 5.01263E-4 1.46668E-3
2.02547E-1 3.03131E-1 2.07156E-1 9.09669E-2 3.43405E-2 1.40096E-2 4.19142E-2 1.21854E-1 3.25865E-1 6.97768E-1 3.32483E-1 3.35797E-1 2.31147E-1 1.02312E-1 3.87454E-2 1.38285E-2 4.8134E-3 1.65554E-3 1.67281E-3 4.96414E-3 1.45422E-2 4.1459E-2 1.10911E-1 2.51897E-1 3.66534E-1 3.65238E-1 7.41532E-1 3.60864E-1 1.38739E-1 1.09739E-1 2.51553E-1 3.70117E-1 2.56858E-1 2.59197E-1 3.78267E-1 7.63729E-1 7.59336E-1 7.54919E-1 7.51242E-1 3.68461E-1 1.41095E-1 4.90146E-2 2.5255E-2 1.42287E-2 1.23462E-2 2.44184E-2 3.90538E-2 4.60936E-2 3.83658E-2 2.35571E-2 1.16675E-2 5.05314E-3 2.43758E-3 1.06578E-3 4.35112E-4 2.76387E-4 3.95499E-4 1.11691E-3
8.75304E-2 1.13251E-1 8.96491E-2 4.84275E-2 2.11903E-2 1.22119E-2 3.5084E-2 9.51014E-2 2.20687E-1 3.28119E-1 7.00702E-1 7.05004E-1 3.37778E-1 1.29879E-1 4.5865E-2 1.57149E-2 5.32756E-3 1.79894E-3 1.8161E-3 5.47986E-3 1.64535E-2 4.87786E-2 1.39664E-1 3.63284E-1 7.41087E-1 7.39799E-1 3.60224E-1 2.4683E-1 1.09739E-1 5.94255E-2 1.11609E-1 1.43487E-1 1.44906E-1 3.78267E-1 7.63729E-1 7.59336E-1 3.76697E-1 7.53873E-1 3.70117E-1 2.51553E-1 1.39829E-1 1.08869E-1 5.78463E-2 4.00542E-2 2.45499E-2 1.21384E-2 1.36697E-2 1.5477E-2 1.34165E-2 9.08124E-3 5.05314E-3 2.43758E-3 1.65847E-3 1.50054E-3 1.1408E-3 7.41962E-4 4.23184E-4 1.01681E-3
3.25028E-2 3.91899E-2 3.3305E-2 2.08604E-2 1.05494E-2 8.31043E-3 2.1631E-2 5.06156E-2 1.22349E-1 3.26866E-1 6.98894E-1 3.33125E-1 2.29012E-1 1.01208E-1 3.82757E-2 1.36434E-2 4.74251E-3 1.62867E-3 1.79894E-3 5.4234E-3 1.62705E-2 4.82076E-2 1.38036E-1 3.59604E-1 7.36654E-1 3.58415E-1 2.45479E-1 1.09228E-1 5.92558E-2 2.59781E-2 6.04818E-2 1.13473E-1 2.59197E-1 3.78267E-1 7.63729E-1 7.59336E-1 3.74483E-1 3.71367E-1 2.52999E-1 2.50582E-1 3.61864E-1 2.45479E-1 1.36419E-1 1.06061E-1 5.62805E-2 2.41261E-2 1.19307E-2 5.15439E-3 4.57398E-3 3.31385E-3 3.28314E-3 4.45243E-3 4.91652E-3 4.37241E-3 3.16626E-3 1.92508E-3 1.01828E-3 1.88912E-3
1.14036E-2 1.32027E-2 1.16847E-2 8.07805E-3 4.58869E-3 4.64405E-3 1.22582E-2 3.51974E-2 9.53459E-2 2.21084E-1 3.28467E-1 2.25523E-1 9.95243E-2 5.38029E-2 2.35308E-2 9.24669E-3 3.43632E-3 1.23754E-3 1.78074E-3 5.36456E-3 1.60834E-2 4.76335E-2 1.36419E-1 3.55949E-1 7.32182E-1 3.58127E-1 1.38739E-1 5.88672E-2 2.58081E-2 4.21478E-2 1.13473E-1 2.59197E-1 3.78267E-1 7.63729E-1 7.59336E-1 3.76697E-1 2.56858E-1 1.42919E-1 2.51553E-1 3.63284E-1 7.37791E-1 3.57013E-1 3.53711E-1 2.39636E-1 1.0426E-1 5.53069E-2 2.37063E-2 1.17243E-2 5.06598E-3 5.00874E-3 8.84044E-3 1.28216E-2 1.45345E-2 1.25924E-2 8.52622E-3 4.7416E-3 2.28807E-3 3.0535E-3
3.94381E-3 4.44079E-3 4.02445E-3 2.97021E-3 1.83936E-3 3.03036E-3 8.33017E-3 2.16693E-2 5.06715E-2 9.58462E-2 1.23667E-1 9.78589E-2 5.28728E-2 2.31148E-2 1.16675E-2 5.14558E-3 2.08834E-3 8.04288E-4 1.60895E-3 4.75927E-3 1.38993E-2 3.95355E-2 1.06061E-1 2.43447E-1 3.58127E-1 2.47308E-1 1.09739E-1 4.15789E-2 2.59781E-2 6.04818E-2 1.44906E-1 3.78267E-1 7.63729E-1 7.59336E-1 3.76697E-1 2.56858E-1 1.12663E-1 2.52999E-1 3.65238E-1 7.39799E-1 7.35562E-1 7.31547E-1 7.27678E-1 3.48918E-1 2.36009E-1 1.02487E-1 5.43468E-2 2.32915E-2 8.96616E-3 1.13949E-2 2.25468E-2 3.60552E-2 4.25438E-2 3.54174E-2 2.17235E-2 1.07591E-2 4.65646E-3 4.14088E-3
4.42838E-3 1.79998E-3 1.37975E-3 1.06903E-3 7.08696E-4 1.87304E-3 4.69966E-3 1.08548E-2 2.19236E-2 3.57976E-2 4.30899E-2 3.65747E-2 2.28825E-2 1.15541E-2 5.0978E-3 2.50546E-3 1.11496E-3 4.63782E-4 1.23754E-3 3.49398E-3 9.55545E-3 2.46894E-2 5.73663E-2 1.07888E-1 1.38739E-1 1.09739E-1 5.94255E-2 2.59781E-2 6.04818E-2 1.13473E-1 2.59197E-1 3.78267E-1 7.63729E-1 7.59336E-1 3.74483E-1 1.43487E-1 1.42168E-1 3.6609E-1 7.41532E-1 7.37791E-1 7.33826E-1 7.29709E-1 7.25483E-1 7.21418E-1 3.4409E-1 2.32512E-1 1.00741E-1 3.73277E-2 1.30303E-2 2.26451E-2 5.17843E-2 9.58462E-2 1.21155E-1 9.40278E-2 4.98003E-2 2.13368E-2 8.22312E-3 4.57284E-3
7.94652E-3 2.95602E-3 1.06638E-3 3.77627E-4 4.11495E-4 1.00855E-3 2.30852E-3 4.78565E-3 8.60202E-3 1.27091E-2 1.4682E-2 1.2982E-2 8.96616E-3 5.08703E-3 2.50263E-3 1.11496E-3 5.4082E-4 3.00081E-4 8.20092E-4 2.16532E-3 5.4234E-3 1.24901E-2 2.50973E-2 4.08456E-2 4.90146E-2 4.15789E-2 2.59781E-2 4.23251E-2 1.13473E-1 2.59197E-1 3.78267E-1 7.63729E-1 7.59336E-1 3.76697E-1 2.56858E-1 1.12209E-1 1.41296E-1 3.63284E-1 7.38576E-1 7.35206E-1 7.31547E-1 7.27678E-1 7.23657E-1 7.19518E-1 7.15289E-1 3.39258E-1 1.27795E-1 4.41023E-2 3.66715E-2 3.63091E-2 9.62135E-2 2.18617E-1 3.19191E-1 2.14406E-1 9.24163E-2 3.4175E-2 1.19287E-2 4.53228E-3
1.17118E-2 4.07262E-3 1.40033E-3 4.78574E-4 2.14877E-4 4.8859E-4 1.02698E-3 1.94225E-3 3.19575E-3 4.41129E-3 4.96236E-3 4.49405E-3 3.32228E-3 2.06086E-3 1.11229E-3 5.40122E-4 2.42407E-4 1.85577E-4 4.764E-4 1.16711E-3 2.66846E-3 5.52019E-3 9.88826E-3 1.45422E-2 1.67899E-2 1.48032E-2 1.70952E-2 5.07412E-2 1.45917E-1 3.78267E-1 7.63729E-1 7.59336E-1 3.76697E-1 2.56858E-1 1.12663E-1 5.98992E-2 1.4071E-1 3.61864E-1 7.35562E-1 7.32182E-1 7.28825E-1 7.25217E-1 7.21418E-1 7.17469E-1 7.13403E-1 3.37778E-1 1.27076E-1 1.25722E-1 9.74506E-2 5.1554E-2 1.21988E-1 3.20162E-1 6.81588E-1 3.1459E-1 1.17201E-1 4.84866E-2 2.07724E-2 8.00169E-3
1.34779E-2 4.56857E-3 1.54378E-3 5.2105E-4 1.7577E-4 2.18767E-4 4.26613E-4 7.48263E-4 1.15096E-3 1.51456E-3 1.6732E-3 1.54232E-3 1.19348E-3 7.92185E-4 4.61428E-4 2.41739E-4 1.51421E-4 1.10321E-4 2.49192E-4 5.65668E-4 1.1885E-3 2.24486E-3 3.68409E-3 5.64234E-3 1.29949E-2 2.62354E-2 4.26416E-2 5.12659E-2 1.46636E-1 3.82077E-1 7.59336E-1 3.76697E-1 2.56858E-1 1.12663E-1 5.98992E-2 1.10751E-1 2.49119E-1 3.60224E-1 7.33826E-1 7.29709E-1 7.25751E-1 7.22399E-1 7.18825E-1 7.15076E-1 7.11185E-1 3.36213E-1 2.26737E-1 3.30006E-1 2.22139E-1 9.58462E-2 1.21112E-1 3.18144E-1 6.78901E-1 3.12769E-1 2.09841E-1 9.01913E-2 3.32666E-2 2.04021E-2
1.18519E-2 4.12362E-3 1.41867E-3 4.8513E-4 1.65293E-4 2.20351E-4 4.29859E-4 7.54251E-4 1.16066E-3 1.52801E-3 1.68886E-3 1.70381E-3 1.57058E-3 1.21532E-3 8.05851E-4 5.47498E-4 4.40228E-4 3.07926E-4 2.5134E-4 5.71118E-4 1.19857E-3 2.74348E-3 5.67989E-3 1.30686E-2 2.62354E-2 6.09296E-2 1.14606E-1 1.46636E-1 1.16581E-1 2.60382E-1 3.76697E-1 2.56858E-1 1.12663E-1 5.98992E-2 5.94255E-2 1.39829E-1 3.60864E-1 7.35206E-1 7.31547E-1 7.27678E-1 7.23657E-1 7.19518E-1 7.15933E-1 7.12384E-1 3.37345E-1 2.27704E-1 3.31475E-1 6.96816E-1 3.25427E-1 1.21765E-1 2.16592E-1 3.16292E-1 3.13456E-1 6.72336E-1 3.08183E-1 1.14528E-1 3.93538E-2 4.68104E-2
8.14015E-3 3.03036E-3 1.09442E-3 3.88013E-4 2.19343E-4 4.9925E-4 1.05053E-3 1.9891E-3 3.27692E-3 4.52935E-3 5.0978E-3 5.14558E-3 4.65751E-3 3.43632E-3 2.1265E-3 1.62867E-3 1.26329E-3 8.39028E-4 4.88671E-4 1.19857E-3 2.74348E-3 5.67989E-3 1.31245E-2 2.64332E-2 6.1109E-2 1.14606E-1 2.60382E-1 3.82077E-1 2.60382E-1 1.14606E-1 1.44501E-1 1.12663E-1 5.98992E-2 1.10751E-1 1.39829E-1 2.47308E-1 3.58127E-1 7.32182E-1 7.28825E-1 7.25217E-1 7.21418E-1 7.17469E-1 7.13403E-1 7.09433E-1 3.35248E-1 1.26162E-1 2.24179E-1 3.26754E-1 2.19906E-1 3.20852E-1 3.17862E-1 6.78024E-1 3.11839E-1 3.08816E-1 2.07101E-1 8.89741E-2 3.28115E-2 8.7191E-2
