test/answer/keystone_species_maxent/까마귀.asc
ncols         567
nrows         515
xllcorner     947975.0
yllcorner     1913749.0
cellsize      30.0
NODATA_value  -9999
[rows 364 to 389 of 515, columns 174 to 231 of 567]
7.46016E-1 3.63284E-1 1.38173E-1 4.78011E-2 1.62705E-2 5.48538E-3 2.21388E-3 8.46696E-4 3.12423E-4 1.12448E-4 3.09922E-4 8.33626E-4 2.16532E-3 5.33555E-3 1.378E-2 3.86716E-2 1.02254E-1 2.31258E-1 3.36213E-1 7.03076E-1 6.98894E-1 6.94645E-1 6.90484E-1 6.93282E-1 6.97768E-1 7.02218E-1 7.06627E-1 7.10988E-1 7.15289E-1 7.19518E-1 3.48918E-1 7.27678E-1 7.31547E-1 7.35206E-1 3.60864E-1 2.49119E-1 1.10443E-1 4.16415E-2 1.47289E-2 5.06271E-3 1.7148E-3 5.75958E-4 1.92446E-4 2.05594E-4 6.19597E-4 1.86267E-3 5.57929E-3 1.68419E-2 5.02581E-2 1.44906E-1 3.78267E-1 7.63729E-1 3.82077E-1 7.59336E-1 3.74483E-1 1.43195E-1 1.41503E-1 1.39829E-1
7.46016E-1 3.63284E-1 1.38173E-1 5.78463E-2 2.5255E-2 9.88826E-3 3.65459E-3 1.30645E-3 4.57312E-4 1.57812E-4 1.92015E-4 4.85092E-4 1.27216E-3 3.52966E-3 9.48967E-3 2.41261E-2 5.5103E-2 1.29879E-1 3.37778E-1 7.05004E-1 7.00702E-1 6.96346E-1 6.91944E-1 6.91944E-1 6.96346E-1 7.00702E-1 7.05004E-1 7.09242E-1 7.13403E-1 7.17469E-1 3.47163E-1 7.25217E-1 7.28825E-1 7.32182E-1 7.35206E-1 3.60224E-1 1.39189E-1 4.89538E-2 1.66286E-2 5.57221E-3 1.85584E-3 6.16058E-4 3.14138E-4 2.07801E-4 6.26907E-4 1.88616E-3 5.65125E-3 1.68419E-2 5.02581E-2 1.44906E-1 3.78267E-1 7.63729E-1 3.82077E-1 7.59336E-1 3.74483E-1 1.43195E-1 4.96326E-2 4.90146E-2
7.46016E-1 3.63284E-1 2.46367E-1 1.08869E-1 4.11846E-2 1.46405E-2 5.06271E-3 1.72523E-3 5.82483E-4 2.57654E-4 1.58595E-4 3.14138E-4 8.42323E-4 2.18204E-3 5.36456E-3 1.38285E-2 3.87454E-2 1.02312E-1 2.31147E-1 3.35797E-1 7.02218E-1 6.97768E-1 6.93282E-1 6.90484E-1 6.94645E-1 6.98894E-1 7.03076E-1 7.07178E-1 7.11185E-1 7.15076E-1 7.18825E-1 7.22399E-1 7.25751E-1 7.28825E-1 7.31547E-1 3.57013E-1 1.37639E-1 4.83539E-2 1.64181E-2 5.5024E-3 1.83359E-3 1.29258E-3 8.57643E-4 4.98746E-4 6.33926E-4 1.90957E-3 5.72413E-3 1.70226E-2 5.02581E-2 1.44906E-1 3.78267E-1 7.63729E-1 3.82077E-1 7.59336E-1 3.74483E-1 1.43487E-1 4.98784E-2 1.67409E-2
7.46016E-1 7.41532E-1 3.60224E-1 1.39829E-1 4.94819E-2 1.69268E-2 5.71224E-3 2.30324E-3 1.2272E-3 5.86369E-4 4.62372E-4 3.168E-4 4.88671E-4 1.2781E-3 3.53848E-3 9.49675E-3 2.41099E-2 5.50035E-2 1.29535E-1 3.36775E-1 7.03422E-1 6.98894E-1 6.95568E-1 6.95105E-1 6.9434E-1 6.96816E-1 7.00868E-1 7.04826E-1 7.08672E-1 7.12384E-1 7.15933E-1 3.455E-1 7.22399E-1 7.25217E-1 7.27678E-1 3.53711E-1 1.36079E-1 4.77585E-2 1.62101E-2 5.43315E-3 4.92183E-3 3.6412E-3 2.26013E-3 1.22023E-3 6.40287E-4 1.93241E-3 5.79796E-3 1.72247E-2 5.08914E-2 1.44906E-1 3.78267E-1 7.63729E-1 3.82077E-1 3.78267E-1 2.59197E-1 1.13473E-1 4.21478E-2 1.47058E-2
7.45465E-1 7.41087E-1 3.61864E-1 1.4071E-1 4.98784E-2 1.70952E-2 1.02945E-2 5.79796E-3 2.81505E-3 1.75138E-3 1.33006E-3 8.63478E-4 5.73115E-4 8.43174E-4 2.18011E-3 5.35193E-3 1.378E-2 3.85753E-2 1.01803E-1 2.29952E-1 3.3404E-1 7.00369E-1 7.00204E-1 6.9971E-1 6.98894E-1 6.97768E-1 6.98409E-1 7.02218E-1 7.059E-1 7.09433E-1 7.12789E-1 7.15933E-1 7.18825E-1 7.21418E-1 7.23657E-1 3.50357E-1 1.34518E-1 4.71685E-2 1.60048E-2 1.61954E-2 1.43427E-2 9.92451E-3 5.64234E-3 2.78178E-3 1.24188E-3 1.78347E-3 5.26949E-3 1.52228E-2 4.33093E-2 1.14606E-1 2.59197E-1 3.78267E-1 7.63729E-1 3.82077E-1 1.46636E-1 6.1109E-2 2.62354E-2 1.01159E-2
7.43901E-1 7.39799E-1 3.62919E-1 1.41296E-1 5.01561E-2 4.26416E-2 2.67101E-2 1.34344E-2 5.84164E-3 5.18666E-3 3.74652E-3 2.27028E-3 1.70105E-3 1.28841E-3 1.27216E-3 3.51827E-3 9.43484E-3 2.39382E-2 5.45894E-2 1.28545E-1 3.34439E-1 7.05004E-1 7.04826E-1 7.04296E-1 7.03422E-1 7.02218E-1 7.00702E-1 6.99382E-1 7.02903E-1 7.06263E-1 7.09433E-1 7.12384E-1 7.15076E-1 7.17469E-1 7.19518E-1 3.46974E-1 1.32963E-1 4.66168E-2 3.96583E-2 4.78011E-2 4.06695E-2 2.55226E-2 1.29296E-2 5.72413E-3 2.333E-3 1.37532E-3 3.90161E-3 1.04585E-2 2.71932E-2 6.18744E-2 1.46636E-1 3.82077E-1 7.63729E-1 3.82077E-1 2.60382E-1 1.14606E-1 4.26416E-2 1.49507E-2
7.41532E-1 7.37791E-1 3.63284E-1 1.41503E-1 1.43195E-1 1.13798E-1 6.18744E-2 2.71932E-2 1.74981E-2 1.51095E-2 1.01945E-2 5.65125E-3 5.00612E-3 3.61259E-3 2.18796E-3 2.16005E-3 5.30047E-3 1.36434E-2 3.81874E-2 1.00792E-1 2.30273E-1 3.38069E-1 7.09433E-1 7.08861E-1 7.0792E-1 7.06627E-1 7.05004E-1 7.03076E-1 7.00868E-1 7.02903E-1 7.059E-1 7.08672E-1 7.11185E-1 7.13403E-1 7.15289E-1 3.43576E-1 1.31649E-1 5.59631E-2 1.05737E-1 1.36419E-1 1.08308E-1 5.87946E-2 2.58081E-2 1.01733E-2 3.79129E-3 1.36802E-3 2.86006E-3 5.84164E-3 1.53034E-2 4.3857E-2 1.15181E-1 2.63262E-1 3.78267E-1 7.63729E-1 3.82077E-1 1.46636E-1 5.12659E-2 1.72247E-2
7.38576E-1 7.36654E-1 3.62919E-1 2.51553E-1 3.70117E-1 2.56858E-1 1.14606E-1 6.18744E-2 5.12659E-2 4.26416E-2 2.61245E-2 1.68155E-2 1.45239E-2 9.80044E-3 5.43315E-3 4.8134E-3 3.47373E-3 9.31558E-3 2.36375E-2 5.44974E-2 1.30089E-1 3.41593E-1 7.14024E-1 7.13403E-1 7.12384E-1 7.10988E-1 7.09242E-1 7.07178E-1 7.04826E-1 7.02218E-1 7.02218E-1 7.04826E-1 7.07178E-1 7.09242E-1 7.10988E-1 3.40955E-1 2.35088E-1 1.32963E-1 2.40277E-1 3.5493E-1 2.45479E-1 1.09228E-1 4.1459E-2 1.48032E-2 5.14743E-3 2.81505E-3 5.79796E-3 1.32241E-2 2.67101E-2 4.33093E-2 6.26491E-2 1.15181E-1 2.59197E-1 3.78267E-1 2.63262E-1 1.16581E-1 6.18744E-2 2.65124E-2
3.58127E-1 3.58415E-1 2.48056E-1 3.65238E-1 7.47779E-1 3.71367E-1 2.56858E-1 1.13798E-1 1.44501E-1 1.12663E-1 5.98992E-2 4.93399E-2 4.09854E-2 2.50973E-2 1.61524E-2 1.39522E-2 9.41505E-3 5.2197E-3 1.35669E-2 3.85753E-2 1.03213E-1 2.3561E-1 3.44964E-1 7.17917E-1 7.16805E-1 7.15289E-1 7.13403E-1 7.11185E-1 7.08672E-1 7.059E-1 7.02903E-1 7.00868E-1 7.03076E-1 7.05004E-1 7.0792E-1 7.12384E-1 3.43576E-1 3.46974E-1 3.50357E-1 7.29709E-1 3.57013E-1 1.38451E-1 4.90146E-2 1.67899E-2 5.67989E-3 5.71224E-3 1.30957E-2 2.62354E-2 6.09296E-2 1.14606E-1 1.46636E-1 1.45917E-1 2.57528E-1 3.78267E-1 3.82077E-1 2.63262E-1 1.15181E-1 4.27683E-2
7.32182E-1 7.33826E-1 3.60224E-1 2.49119E-1 3.6609E-1 7.47779E-1 3.70117E-1 2.54699E-1 3.70117E-1 2.52999E-1 1.10751E-1 1.39829E-1 1.08639E-1 5.76266E-2 4.74334E-2 3.93875E-2 2.41099E-2 1.36697E-2 1.57043E-2 2.41919E-2 5.59631E-2 1.33312E-1 3.48519E-1 7.22399E-1 7.21176E-1 7.19518E-1 7.17469E-1 7.15076E-1 7.12384E-1 7.09433E-1 7.06263E-1 7.02903E-1 6.99382E-1 7.02218E-1 7.06627E-1 7.10988E-1 3.42405E-1 7.19518E-1 7.23657E-1 3.52095E-1 2.43068E-1 1.07888E-1 4.08456E-2 1.45422E-2 5.04011E-3 1.00491E-2 2.58484E-2 5.98992E-2 1.12663E-1 2.56858E-1 3.74483E-1 3.73593E-1 3.73593E-1 7.57509E-1 7.59336E-1 3.82077E-1 1.46636E-1 5.12659E-2
3.53007E-1 3.55181E-1 7.35206E-1 3.60864E-1 2.49119E-1 3.65238E-1 2.51553E-1 3.66991E-1 7.45465E-1 3.65238E-1 2.49119E-1 3.60864E-1 2.45265E-1 1.06835E-1 1.34814E-1 1.0461E-1 5.58485E-2 3.91894E-2 4.68843E-2 3.95355E-2 3.96272E-2 1.05817E-1 2.40771E-1 3.51431E-1 7.25483E-1 7.23657E-1 7.21418E-1 7.18825E-1 7.15933E-1 7.12789E-1 7.09433E-1 7.059E-1 7.02218E-1 7.00702E-1 7.05004E-1 7.09242E-1 7.13403E-1 7.17469E-1 7.21418E-1 3.50147E-1 2.41449E-1 1.07017E-1 4.04637E-2 1.43889E-2 5.55182E-3 1.45239E-2 4.11846E-2 1.10751E-1 2.52999E-1 3.70117E-1 7.50478E-1 7.49756E-1 7.51242E-1 3.74483E-1 7.59336E-1 3.82077E-1 1.48384E-1 6.18744E-2
1.34135E-1 2.41449E-1 3.5569E-1 2.45265E-1 1.08639E-1 1.39189E-1 1.09608E-1 2.49119E-1 3.62919E-1 2.48056E-1 3.60224E-1 7.35206E-1 3.5569E-1 2.41449E-1 3.50147E-1 2.39479E-1 1.05501E-1 1.05737E-1 1.35535E-1 1.06746E-1 5.73663E-2 5.74172E-2 1.36419E-1 3.5493E-1 7.29709E-1 7.27678E-1 7.25217E-1 7.22399E-1 7.19286E-1 7.15933E-1 7.12384E-1 7.08672E-1 7.04826E-1 7.00868E-1 7.03076E-1 7.07178E-1 7.11185E-1 7.15076E-1 7.18825E-1 7.22399E-1 3.50569E-1 1.3522E-1 5.72662E-2 2.49754E-2 9.77018E-3 1.64008E-2 4.86128E-2 1.39829E-1 3.65238E-1 7.45465E-1 3.66991E-1 7.46016E-1 7.50478E-1 3.74483E-1 7.59336E-1 3.82077E-1 2.63262E-1 1.15181E-1
1.0426E-1 1.05195E-1 1.3522E-1 1.06835E-1 5.76266E-2 4.82076E-2 5.80779E-2 1.08417E-1 1.38036E-1 1.07991E-1 2.44433E-1 3.55181E-1 2.41449E-1 3.50569E-1 7.27678E-1 3.53711E-1 1.36079E-1 2.43447E-1 3.57013E-1 2.45479E-1 1.08308E-1 4.06695E-2 1.08308E-1 2.45479E-1 3.57013E-1 7.31547E-1 7.28825E-1 7.25751E-1 7.22399E-1 7.18825E-1 7.15076E-1 7.11185E-1 7.07178E-1 7.03076E-1 7.00868E-1 7.04826E-1 7.08672E-1 7.12384E-1 7.15933E-1 7.19286E-1 3.47931E-1 2.39323E-1 1.05737E-1 3.98506E-2 1.41253E-2 1.4163E-2 4.04637E-2 1.08639E-1 2.48056E-1 3.62919E-1 3.63284E-1 7.46016E-1 7.50478E-1 3.74483E-1 3.78267E-1 7.63729E-1 3.82077E-1 1.46636E-1
5.53763E-2 3.90538E-2 4.685E-2 3.96272E-2 3.98506E-2 4.76335E-2 4.01249E-2 4.01608E-2 4.77585E-2 5.72169E-2 1.06312E-1 1.34814E-1 1.05195E-1 2.41449E-1 3.55181E-1 2.44433E-1 1.37639E-1 3.593E-1 7.37791E-1 3.61864E-1 1.39664E-1 4.90146E-2 1.09608E-1 2.48056E-1 3.60224E-1 7.35206E-1 7.32182E-1 7.28825E-1 7.25217E-1 7.21418E-1 7.17469E-1 7.13403E-1 7.09242E-1 7.05004E-1 7.00702E-1 7.02218E-1 7.059E-1 7.09433E-1 7.12789E-1 7.15933E-1 7.18825E-1 3.47163E-1 1.33401E-1 4.68843E-2 1.59546E-2 9.5863E-3 2.48165E-2 5.76266E-2 1.07991E-1 2.46367E-1 3.63284E-1 7.46016E-1 7.50478E-1 3.74483E-1 7.59336E-1 7.63729E-1 3.82077E-1 1.46636E-1
2.37625E-2 1.36434E-2 2.41261E-2 5.60408E-2 1.0512E-1 1.34518E-1 1.05737E-1 5.67052E-2 2.45499E-2 2.44926E-2 3.93875E-2 4.685E-2 5.68397E-2 1.07017E-1 1.3751E-1 1.08639E-1 1.09228E-1 2.48845E-1 3.63284E-1 2.50582E-1 1.10911E-1 4.96326E-2 1.41296E-1 3.65238E-1 7.41532E-1 7.38576E-1 7.35206E-1 7.31547E-1 7.27678E-1 7.23657E-1 7.19518E-1 7.15289E-1 7.10988E-1 7.06627E-1 7.02218E-1 6.99382E-1 3.32996E-1 3.35522E-1 3.37923E-1 3.40174E-1 3.42241E-1 2.34831E-1 1.03466E-1 3.89225E-2 1.378E-2 5.32756E-3 1.59921E-2 4.74334E-2 1.36535E-1 3.59604E-1 7.41532E-1 7.46016E-1 7.50478E-1 7.54919E-1 7.59336E-1 3.82077E-1 2.63262E-1 1.46636E-1
9.15587E-3 1.35019E-2 3.85279E-2 1.03466E-1 2.36968E-1 3.47931E-1 2.38114E-1 1.04539E-1 3.91346E-2 1.378E-2 1.38285E-2 1.59921E-2 2.48165E-2 4.04637E-2 4.86128E-2 4.11846E-2 5.92558E-2 1.10911E-1 1.41503E-1 1.11609E-1 6.02308E-2 4.22339E-2 1.12209E-1 2.52999E-1 3.6609E-1 3.63284E-1 3.60224E-1 3.57013E-1 3.53711E-1 3.50357E-1 3.46974E-1 3.43576E-1 3.40174E-1 3.36775E-1 3.33384E-1 3.30006E-1 3.30612E-1 7.02903E-1 3.35248E-1 3.37345E-1 7.11185E-1 3.40955E-1 1.30518E-1 4.57818E-2 1.56019E-2 1.37423E-2 1.58133E-2 4.72053E-2 1.36535E-1 3.59604E-1 7.41532E-1 7.46016E-1 7.50478E-1 7.54919E-1 7.59336E-1 7.63729E-1 3.82077E-1 3.78267E-1
5.08703E-3 1.52747E-2 4.53584E-2 1.30518E-1 3.43576E-1 7.17917E-1 3.44964E-1 1.31727E-1 5.52724E-2 2.41099E-2 9.49675E-3 5.39535E-3 9.72236E-3 1.43889E-2 1.66286E-2 1.46834E-2 2.59781E-2 4.21478E-2 5.02581E-2 4.23251E-2 2.64332E-2 4.27683E-2 6.09296E-2 1.12663E-1 2.52999E-1 3.65238E-1 7.39799E-1 7.35562E-1 7.31234E-1 7.26841E-1 7.22399E-1 7.17917E-1 7.13403E-1 7.08861E-1 3.3404E-1 6.9971E-1 3.28119E-1 3.30368E-1 2.26264E-1 3.34439E-1 7.07178E-1 3.37778E-1 1.29065E-1 4.52325E-2 4.5566E-2 3.86716E-2 2.42594E-2 3.96583E-2 1.07109E-1 2.46367E-1 3.63284E-1 7.46016E-1 7.50478E-1 7.54919E-1 7.59336E-1 7.63729E-1 3.82077E-1 7.59336E-1
5.03307E-3 1.51065E-2 4.48472E-2 1.29065E-1 3.40174E-1 7.13403E-1 3.41432E-1 2.32983E-1 1.03027E-1 3.90538E-2 1.39522E-2 4.86191E-3 3.59758E-3 4.98146E-3 5.61716E-3 5.67989E-3 1.31245E-2 2.64332E-2 4.27683E-2 5.08914E-2 6.15562E-2 1.15181E-1 1.45917E-1 1.44501E-1 3.70117E-1 7.45465E-1 7.41087E-1 7.36654E-1 7.32182E-1 7.27678E-1 7.23149E-1 7.18597E-1 7.14024E-1 7.09433E-1 7.04826E-1 7.00204E-1 3.27545E-1 1.24061E-1 9.78589E-2 2.25523E-1 3.33125E-1 2.27803E-1 1.27612E-1 1.28609E-1 1.3016E-1 1.03275E-1 5.60018E-2 2.45693E-2 5.74172E-2 1.08417E-1 2.49119E-1 3.66991E-1 7.50478E-1 7.54919E-1 7.59336E-1 7.63729E-1 3.82077E-1 7.59336E-1
1.48463E-2 1.49367E-2 4.43336E-2 1.27612E-1 3.36775E-1 7.08861E-1 7.09433E-1 3.41432E-1 1.31649E-1 4.65844E-2 1.59921E-2 5.43315E-3 1.83929E-3 2.24201E-3 3.70063E-3 1.01733E-2 2.64332E-2 6.15562E-2 1.15181E-1 1.46636E-1 1.46636E-1 2.63262E-1 3.78267E-1 3.74483E-1 3.70724E-1 7.46016E-1 7.41532E-1 7.37028E-1 7.32504E-1 7.27962E-1 7.23402E-1 7.18825E-1 7.14233E-1 7.09625E-1 7.05004E-1 7.00369E-1 3.27659E-1 1.22856E-1 5.17843E-2 9.74506E-2 2.24443E-1 3.3135E-1 3.34573E-1 3.38069E-1 3.41593E-1 2.3561E-1 1.04539E-1 5.67052E-2 1.07109E-1 2.46367E-1 3.63284E-1 3.66991E-1 3.70724E-1 7.54919E-1 7.59336E-1 7.63729E-1 3.82077E-1 7.59336E-1
4.40817E-2 3.66715E-2 3.68032E-2 9.88435E-2 2.26928E-1 3.34573E-1 3.38069E-1 2.32983E-1 1.03275E-1 3.91619E-2 1.39961E-2 4.8794E-3 3.61259E-3 5.57929E-3 1.0065E-2 1.4918E-2 4.27683E-2 1.15181E-1 2.63262E-1 3.82077E-1 3.82077E-1 3.82077E-1 7.59336E-1 7.54919E-1 3.70724E-1 3.66991E-1 7.41532E-1 3.59604E-1 7.32504E-1 7.27962E-1 7.23402E-1 7.18825E-1 7.14233E-1 7.09625E-1 7.05004E-1 3.31103E-1 2.22721E-1 9.59921E-2 4.26264E-2 1.23091E-1 3.27659E-1 7.00369E-1 7.05004E-1 7.09625E-1 7.14233E-1 3.45142E-1 2.38262E-1 1.05817E-1 1.36535E-1 3.59604E-1 7.41532E-1 7.46016E-1 7.50478E-1 7.54919E-1 7.59336E-1 7.63729E-1 3.82077E-1 3.78267E-1
1.27372E-1 9.88435E-2 9.78589E-2 1.24718E-1 9.83214E-2 1.27018E-1 1.28545E-1 1.0197E-1 5.52724E-2 2.42424E-2 9.55545E-3 5.43315E-3 9.80044E-3 1.45239E-2 2.58081E-2 4.21478E-2 6.09296E-2 1.45917E-1 3.78267E-1 7.63729E-1 7.59336E-1 7.59336E-1 7.57509E-1 7.53873E-1 7.49756E-1 7.45465E-1 7.41087E-1 3.593E-1 7.32182E-1 7.27678E-1 7.23149E-1 7.18597E-1 3.41432E-1 3.37923E-1 7.04826E-1 3.3098E-1 1.24011E-1 5.12897E-2 4.21597E-2 1.22532E-1 3.27545E-1 7.00204E-1 7.04826E-1 3.37923E-1 7.14024E-1 7.18597E-1 3.48519E-1 2.40771E-1 1.07017E-1 2.4614E-1 3.62919E-1 7.45465E-1 7.49756E-1 7.53873E-1 3.76697E-1 7.59336E-1 7.63729E-1 3.82077E-1
3.37345E-1 2.27704E-1 2.25523E-1 3.28467E-1 2.24889E-1 9.93855E-2 4.48007E-2 3.81007E-2 2.38932E-2 1.20958E-2 1.39522E-2 1.61524E-2 2.50973E-2 4.09854E-2 5.92558E-2 1.11609E-1 1.43487E-1 2.56858E-1 3.76697E-1 7.59336E-1 7.57509E-1 7.54919E-1 7.53873E-1 7.51242E-1 7.47779E-1 7.43901E-1 7.39799E-1 3.58415E-1 7.31234E-1 7.26841E-1 7.22399E-1 7.17917E-1 3.40955E-1 2.29952E-1 3.3404E-1 2.24889E-1 9.7014E-2 5.12298E-2 3.53519E-2 9.58462E-2 2.22387E-1 3.30612E-1 7.04296E-1 7.08861E-1 7.13403E-1 7.17917E-1 7.22399E-1 3.51431E-1 2.42881E-1 3.58415E-1 3.61864E-1 7.43901E-1 7.47779E-1 7.51242E-1 3.73593E-1 7.57509E-1 3.78267E-1 7.63729E-1
7.11185E-1 3.36213E-1 3.33125E-1 6.98894E-1 3.30006E-1 1.26556E-1 4.46862E-2 1.53255E-2 1.19087E-2 2.41099E-2 3.93875E-2 4.74334E-2 5.76266E-2 1.08639E-1 1.39829E-1 2.5122E-1 3.68461E-1 3.71367E-1 7.53873E-1 7.54919E-1 7.53873E-1 7.51242E-1 3.70117E-1 7.47779E-1 7.4493E-1 7.41532E-1 7.37791E-1 3.57013E-1 7.29709E-1 3.50357E-1 3.46974E-1 7.16805E-1 3.40174E-1 2.29426E-1 3.33384E-1 3.30006E-1 2.21974E-1 9.56657E-2 3.52871E-2 5.1131E-2 1.23619E-1 3.30006E-1 7.03422E-1 7.0792E-1 3.40174E-1 3.43576E-1 7.21176E-1 7.25483E-1 3.53711E-1 7.33826E-1 7.37791E-1 7.41532E-1 7.4493E-1 7.47779E-1 3.71367E-1 3.73593E-1 2.59197E-1 3.78267E-1
3.40955E-1 2.30166E-1 3.34573E-1 7.03076E-1 3.31475E-1 1.26162E-1 5.35061E-2 2.34405E-2 2.37202E-2 5.54114E-2 1.0461E-1 1.34814E-1 1.36191E-1 2.45265E-1 3.60864E-1 3.63284E-1 7.4493E-1 7.47779E-1 7.49756E-1 7.50478E-1 7.49756E-1 7.47779E-1 7.45465E-1 7.43901E-1 7.41532E-1 7.38576E-1 7.35206E-1 3.55181E-1 7.27678E-1 7.23657E-1 3.45681E-1 3.42405E-1 2.31147E-1 3.35797E-1 7.02218E-1 6.97768E-1 3.25865E-1 1.21854E-1 4.19142E-2 4.24297E-2 1.23281E-1 3.2917E-1 7.02218E-1 7.06627E-1 7.10988E-1 3.42405E-1 7.19518E-1 7.23657E-1 7.27678E-1 3.55181E-1 3.58127E-1 3.60864E-1 3.63284E-1 3.6609E-1 2.52999E-1 3.71367E-1 2.56858E-1 1.44906E-1
7.15289E-1 3.39258E-1 7.09242E-1 7.07178E-1 3.34439E-1 2.26264E-1 9.9571E-2 3.76696E-2 5.44974E-2 1.02905E-1 2.37108E-1 3.50147E-1 3.53007E-1 3.5569E-1 7.35206E-1 7.38576E-1 7.41532E-1 7.43901E-1 7.45465E-1 7.46016E-1 7.45465E-1 3.65238E-1 3.63284E-1 7.39799E-1 7.37791E-1 7.35206E-1 7.32182E-1 7.28825E-1 7.25217E-1 7.21418E-1 7.17469E-1 7.13403E-1 3.37778E-1 2.27803E-1 3.3135E-1 3.28119E-1 2.20687E-1 9.51014E-2 3.5084E-2 4.22855E-2 1.22856E-1 3.28119E-1 7.00702E-1 7.05004E-1 7.09242E-1 7.13403E-1 7.17469E-1 7.21418E-1 7.25217E-1 7.28825E-1 3.5569E-1 2.45265E-1 1.38739E-1 1.39829E-1 3.6609E-1 7.47779E-1 3.70117E-1 1.43487E-1
7.17469E-1 7.15289E-1 7.13403E-1 7.11185E-1 7.08672E-1 3.35248E-1 1.26443E-1 5.35859E-2 1.01208E-1 2.33463E-1 3.45142E-1 7.22399E-1 7.25751E-1 7.28825E-1 7.32182E-1 7.35206E-1 7.37791E-1 7.39799E-1 7.41087E-1 3.63284E-1 3.62919E-1 2.48056E-1 3.60224E-1 7.35562E-1 7.33826E-1 7.31547E-1 7.28825E-1 7.25751E-1 7.22399E-1 7.18825E-1 7.15076E-1 3.39258E-1 2.29012E-1 1.26443E-1 1.25082E-1 1.23716E-1 9.58099E-2 5.06156E-2 2.1631E-2 4.21131E-2 1.22349E-1 3.26866E-1 6.98894E-1 7.03076E-1 7.07178E-1 7.11185E-1 7.15076E-1 3.45142E-1 7.22399E-1 3.50569E-1 7.28825E-1 3.5569E-1 1.3751E-1 1.38739E-1 2.49119E-1 3.65238E-1 2.51553E-1 1.11609E-1
