test/answer/keystone_species_maxent/까마귀.asc
ncols         567
nrows         515
xllcorner     947975.0
yllcorner     1913749.0
cellsize      30.0
NODATA_value  -9999
[rows 130 to 155 of 515, columns 290 to 347 of 567]
7.39799E-1 7.41087E-1 7.41532E-1 7.43901E-1 7.47779E-1 7.51242E-1 7.54919E-1 7.59336E-1 7.63729E-1 7.59336E-1 7.59336E-1 7.63729E-1 7.59336E-1 7.57509E-1 7.53873E-1 7.51242E-1 7.47779E-1 7.4493E-1 7.41532E-1 7.38576E-1 7.35206E-1 7.31547E-1 7.27678E-1 7.23657E-1 7.19518E-1 7.15289E-1 7.10988E-1 7.06627E-1 7.02218E-1 6.98894E-1 6.9971E-1 7.00204E-1 7.00369E-1 7.00204E-1 7.02218E-1 7.06627E-1 7.10988E-1 7.15289E-1 7.19518E-1 7.23657E-1 7.27678E-1 7.32182E-1 7.36654E-1 7.41087E-1 7.45465E-1 7.49756E-1 7.53873E-1 7.57509E-1 7.59336E-1 3.82077E-1 7.59336E-1 7.54919E-1 7.51242E-1 7.47779E-1 7.43901E-1 7.39799E-1 7.35562E-1 7.31234E-1
7.35562E-1 7.36654E-1 7.37791E-1 7.41532E-1 7.46016E-1 7.50478E-1 7.54919E-1 7.59336E-1 7.63729E-1 7.59336E-1 7.59336E-1 3.82077E-1 7.59336E-1 7.54919E-1 7.51242E-1 7.47779E-1 7.4493E-1 7.41532E-1 7.38576E-1 7.35206E-1 7.32182E-1 7.28825E-1 7.25217E-1 7.21418E-1 7.17469E-1 7.13403E-1 7.09242E-1 7.05004E-1 7.00702E-1 6.96346E-1 6.95105E-1 6.95568E-1 6.95723E-1 6.98894E-1 7.03422E-1 7.0792E-1 7.12384E-1 7.16805E-1 7.21176E-1 7.25483E-1 7.29709E-1 7.33826E-1 7.37791E-1 7.41532E-1 7.46016E-1 7.50478E-1 7.54919E-1 7.59336E-1 3.82077E-1 3.82077E-1 7.59336E-1 7.57509E-1 7.53873E-1 7.49756E-1 7.45465E-1 7.41087E-1 7.36654E-1 7.32182E-1
7.31234E-1 7.32182E-1 7.36654E-1 7.41087E-1 7.45465E-1 7.49756E-1 7.53873E-1 7.57509E-1 7.59336E-1 7.63729E-1 7.59336E-1 3.82077E-1 3.78267E-1 7.57509E-1 7.53873E-1 7.49756E-1 7.45465E-1 7.41087E-1 7.36654E-1 7.32182E-1 7.28825E-1 7.25751E-1 7.22399E-1 7.18825E-1 7.15076E-1 7.11185E-1 7.07178E-1 7.03076E-1 6.98894E-1 6.94645E-1 6.90484E-1 6.90919E-1 6.95105E-1 6.9971E-1 7.04296E-1 7.08861E-1 7.13403E-1 7.17917E-1 7.22399E-1 7.26841E-1 7.31234E-1 7.35562E-1 7.39799E-1 7.43901E-1 7.47779E-1 7.51242E-1 7.54919E-1 7.59336E-1 3.82077E-1 2.63262E-1 3.82077E-1 7.59336E-1 7.54919E-1 7.50478E-1 7.46016E-1 7.41532E-1 7.37028E-1 7.32504E-1
7.26841E-1 7.31234E-1 7.35562E-1 7.39799E-1 7.43901E-1 7.47779E-1 7.51242E-1 7.54919E-1 3.78267E-1 7.63729E-1 7.59336E-1 3.78267E-1 3.82077E-1 7.59336E-1 7.54919E-1 7.50478E-1 7.46016E-1 7.41532E-1 7.37028E-1 7.32504E-1 7.27962E-1 7.23402E-1 7.19286E-1 7.15933E-1 7.12384E-1 7.08672E-1 7.04826E-1 7.00868E-1 6.96816E-1 6.92684E-1 6.88484E-1 6.90919E-1 6.95568E-1 7.00204E-1 7.04826E-1 7.09433E-1 7.14024E-1 7.18597E-1 7.23149E-1 7.27678E-1 7.32182E-1 7.36654E-1 7.41087E-1 7.45465E-1 7.49756E-1 7.53873E-1 7.57509E-1 7.59336E-1 3.82077E-1 3.82077E-1 7.59336E-1 7.57509E-1 7.53873E-1 7.49756E-1 7.45465E-1 7.41087E-1 7.36654E-1 7.32182E-1
7.25483E-1 7.29709E-1 7.33826E-1 7.37791E-1 7.41532E-1 7.46016E-1 7.50478E-1 7.54919E-1 3.78267E-1 7.63729E-1 7.59336E-1 7.59336E-1 3.82077E-1 7.59336E-1 7.54919E-1 7.50478E-1 7.46016E-1 7.41532E-1 7.37028E-1 7.32504E-1 7.27962E-1 7.23402E-1 7.18825E-1 7.14233E-1 7.09625E-1 7.059E-1 7.02218E-1 6.98409E-1 6.94492E-1 6.90484E-1 6.86396E-1 6.91064E-1 6.95723E-1 7.00369E-1 7.05004E-1 7.09625E-1 7.14233E-1 7.18825E-1 7.23402E-1 7.27962E-1 7.32504E-1 7.37028E-1 7.41532E-1 7.46016E-1 7.50478E-1 7.54919E-1 7.59336E-1 3.82077E-1 2.63262E-1 3.82077E-1 7.59336E-1 7.54919E-1 7.51242E-1 7.47779E-1 7.43901E-1 7.39799E-1 7.35562E-1 7.31234E-1
7.23657E-1 7.27962E-1 7.32504E-1 7.37028E-1 7.41532E-1 7.46016E-1 7.50478E-1 7.54919E-1 7.59336E-1 7.63729E-1 7.59336E-1 7.59336E-1 3.82077E-1 7.59336E-1 7.54919E-1 7.50478E-1 7.46016E-1 7.41532E-1 7.37028E-1 7.32504E-1 7.27962E-1 7.23402E-1 7.18825E-1 7.14233E-1 7.09625E-1 7.05004E-1 7.00369E-1 6.95723E-1 6.91944E-1 6.88062E-1 6.86533E-1 6.91064E-1 6.95723E-1 7.00369E-1 7.05004E-1 7.09625E-1 7.14233E-1 7.18825E-1 7.23402E-1 7.27962E-1 7.32504E-1 7.37028E-1 7.41532E-1 7.46016E-1 7.50478E-1 7.54919E-1 7.59336E-1 3.82077E-1 3.82077E-1 3.82077E-1 7.59336E-1 7.57509E-1 7.53873E-1 7.49756E-1 7.45465E-1 7.41087E-1 7.36654E-1 7.32182E-1
7.23402E-1 7.27962E-1 7.32504E-1 7.37028E-1 7.41532E-1 7.46016E-1 7.50478E-1 7.54919E-1 7.59336E-1 3.82077E-1 7.59336E-1 7.59336E-1 3.82077E-1 7.59336E-1 7.54919E-1 7.50478E-1 7.46016E-1 7.41532E-1 7.37028E-1 7.32504E-1 7.27962E-1 7.23402E-1 7.18825E-1 7.14233E-1 7.09625E-1 7.05004E-1 7.00702E-1 6.96346E-1 6.91944E-1 6.88484E-1 6.90484E-1 6.93132E-1 6.96346E-1 7.00204E-1 7.04826E-1 7.09433E-1 7.14024E-1 7.18597E-1 7.23149E-1 7.27678E-1 7.32182E-1 7.36654E-1 7.41087E-1 7.45465E-1 7.49756E-1 7.53873E-1 7.57509E-1 3.78267E-1 7.59336E-1 7.59336E-1 7.63729E-1 7.59336E-1 7.54919E-1 7.50478E-1 7.46016E-1 7.41532E-1 7.37028E-1 7.32504E-1
7.23149E-1 7.27678E-1 7.32182E-1 7.36654E-1 7.41087E-1 7.45465E-1 7.49756E-1 7.53873E-1 7.57509E-1 7.59336E-1 7.59336E-1 7.63729E-1 7.63729E-1 7.59336E-1 7.54919E-1 7.50478E-1 7.46016E-1 7.41532E-1 7.37028E-1 7.32504E-1 7.27962E-1 7.23657E-1 7.19518E-1 7.15289E-1 7.10988E-1 7.06627E-1 7.02218E-1 6.97768E-1 6.93282E-1 6.92684E-1 6.94645E-1 6.96816E-1 6.9971E-1 7.02903E-1 7.059E-1 7.08861E-1 7.13403E-1 7.17917E-1 7.22399E-1 7.26841E-1 7.31234E-1 7.35562E-1 7.39799E-1 7.43901E-1 7.47779E-1 7.51242E-1 7.53873E-1 7.54919E-1 7.57509E-1 7.59336E-1 7.63729E-1 7.59336E-1 7.54919E-1 7.50478E-1 7.46016E-1 7.41532E-1 7.37028E-1 7.32504E-1
7.22399E-1 7.26841E-1 7.31234E-1 7.35562E-1 7.39799E-1 7.43901E-1 7.47779E-1 7.51242E-1 7.53873E-1 7.54919E-1 7.57509E-1 7.59336E-1 3.82077E-1 7.59336E-1 7.54919E-1 7.50478E-1 7.46016E-1 7.41532E-1 7.37791E-1 7.33826E-1 7.29709E-1 7.25483E-1 7.21176E-1 7.16805E-1 7.12384E-1 7.0792E-1 7.03422E-1 6.98894E-1 6.94645E-1 6.96816E-1 6.98894E-1 7.00868E-1 7.03076E-1 7.06263E-1 7.09433E-1 7.12384E-1 7.15076E-1 7.18825E-1 7.22399E-1 7.25751E-1 7.29709E-1 7.33826E-1 7.37791E-1 7.41532E-1 7.4493E-1 7.47779E-1 7.50478E-1 7.54919E-1 7.59336E-1 7.63729E-1 7.59336E-1 7.57509E-1 7.53873E-1 7.49756E-1 7.45465E-1 7.41087E-1 7.36654E-1 7.32182E-1
7.21176E-1 7.25483E-1 7.29709E-1 7.33826E-1 7.37791E-1 7.41532E-1 7.4493E-1 7.47779E-1 7.49756E-1 7.51242E-1 7.54919E-1 7.59336E-1 3.82077E-1 3.78267E-1 7.54919E-1 7.51242E-1 7.47779E-1 7.43901E-1 7.39799E-1 7.35562E-1 7.31234E-1 7.26841E-1 7.22399E-1 7.17917E-1 7.13403E-1 7.08861E-1 7.04296E-1 6.9971E-1 6.98894E-1 7.00868E-1 7.03076E-1 7.05004E-1 7.07178E-1 7.09433E-1 7.12789E-1 7.15933E-1 7.18825E-1 7.21418E-1 7.25217E-1 7.28825E-1 7.32182E-1 7.35206E-1 7.38576E-1 7.41532E-1 7.4493E-1 7.47779E-1 7.50478E-1 7.54919E-1 7.59336E-1 7.63729E-1 7.59336E-1 7.54919E-1 7.51242E-1 7.47779E-1 7.43901E-1 7.39799E-1 7.35562E-1 7.31234E-1
7.19518E-1 7.23657E-1 7.27678E-1 7.31547E-1 7.35206E-1 7.38576E-1 7.41532E-1 7.43901E-1 7.46016E-1 7.50478E-1 7.54919E-1 7.59336E-1 3.82077E-1 3.78267E-1 7.57509E-1 7.53873E-1 7.49756E-1 7.45465E-1 7.41087E-1 7.36654E-1 7.32182E-1 7.27678E-1 7.23149E-1 7.18597E-1 7.14024E-1 7.09433E-1 7.04826E-1 7.00868E-1 7.03076E-1 7.05004E-1 7.07178E-1 7.09242E-1 7.11185E-1 7.13403E-1 7.15933E-1 7.19286E-1 7.22399E-1 7.25217E-1 7.27678E-1 7.31547E-1 7.35206E-1 7.38576E-1 7.41532E-1 7.4493E-1 7.47779E-1 7.51242E-1 7.53873E-1 7.54919E-1 7.59336E-1 7.63729E-1 7.59336E-1 7.54919E-1 7.50478E-1 7.46016E-1 7.41532E-1 7.37791E-1 7.33826E-1 7.29709E-1
7.17469E-1 7.21418E-1 7.25217E-1 7.28825E-1 7.32182E-1 7.35206E-1 7.37791E-1 7.41087E-1 7.45465E-1 7.49756E-1 7.53873E-1 7.57509E-1 3.78267E-1 3.82077E-1 7.59336E-1 7.54919E-1 7.50478E-1 7.46016E-1 7.41532E-1 7.37028E-1 7.32504E-1 7.27962E-1 7.23402E-1 7.18825E-1 7.14233E-1 7.09625E-1 7.05004E-1 7.04826E-1 7.07178E-1 7.09242E-1 7.11185E-1 7.13403E-1 7.15289E-1 7.17469E-1 7.19518E-1 7.22399E-1 7.25751E-1 7.28825E-1 7.31547E-1 7.33826E-1 7.37791E-1 7.41532E-1 7.4493E-1 7.47779E-1 7.51242E-1 7.53873E-1 7.57509E-1 7.59336E-1 7.59336E-1 7.63729E-1 7.59336E-1 7.54919E-1 7.50478E-1 7.46016E-1 7.41532E-1 7.37028E-1 7.32504E-1 7.27962E-1
7.15076E-1 7.18825E-1 7.22399E-1 7.25751E-1 7.28825E-1 7.32182E-1 7.36654E-1 7.41087E-1 7.45465E-1 7.49756E-1 7.53873E-1 7.57509E-1 3.78267E-1 3.82077E-1 7.59336E-1 7.54919E-1 7.50478E-1 7.46016E-1 7.41532E-1 7.37028E-1 7.32504E-1 7.27962E-1 7.23402E-1 7.18825E-1 7.14233E-1 7.09625E-1 7.059E-1 7.08672E-1 7.11185E-1 7.13403E-1 7.15289E-1 7.17469E-1 7.19518E-1 7.21418E-1 7.23657E-1 7.25751E-1 7.28825E-1 7.32182E-1 7.35206E-1 7.37791E-1 7.39799E-1 7.43901E-1 7.47779E-1 7.51242E-1 7.53873E-1 7.57509E-1 7.59336E-1 3.82077E-1 7.59336E-1 7.59336E-1 7.57509E-1 7.53873E-1 7.49756E-1 7.45465E-1 7.41087E-1 7.36654E-1 7.32182E-1 7.27678E-1
7.12384E-1 7.15933E-1 7.19286E-1 7.23402E-1 7.27962E-1 7.32504E-1 7.37028E-1 7.41532E-1 7.46016E-1 7.50478E-1 7.54919E-1 7.59336E-1 3.82077E-1 3.78267E-1 7.57509E-1 7.53873E-1 7.49756E-1 7.45465E-1 7.41087E-1 7.36654E-1 7.32182E-1 7.27678E-1 7.23149E-1 7.18597E-1 7.14024E-1 7.09433E-1 7.09433E-1 7.12384E-1 7.15076E-1 7.17469E-1 7.19518E-1 7.21418E-1 7.23657E-1 3.50357E-1 7.27678E-1 7.29709E-1 7.32182E-1 7.35206E-1 7.38576E-1 7.41532E-1 7.43901E-1 7.45465E-1 7.49756E-1 7.53873E-1 7.57509E-1 7.59336E-1 3.82077E-1 7.59336E-1 7.57509E-1 7.54919E-1 7.53873E-1 7.51242E-1 7.47779E-1 7.43901E-1 7.39799E-1 7.35562E-1 7.31234E-1 7.26841E-1
7.09625E-1 7.14233E-1 7.18825E-1 7.23402E-1 7.27962E-1 7.32504E-1 7.37028E-1 7.41532E-1 7.46016E-1 7.50478E-1 7.54919E-1 7.59336E-1 7.63729E-1 3.78267E-1 7.54919E-1 7.51242E-1 7.47779E-1 7.43901E-1 7.39799E-1 7.35562E-1 7.31234E-1 7.26841E-1 7.22399E-1 7.17917E-1 7.13403E-1 7.11185E-1 7.13403E-1 7.15933E-1 7.18825E-1 7.21418E-1 7.23657E-1 7.25483E-1 7.27678E-1 7.29709E-1 7.31547E-1 7.33826E-1 7.35562E-1 7.38576E-1 7.41532E-1 7.4493E-1 7.47779E-1 7.49756E-1 7.51242E-1 7.54919E-1 7.59336E-1 3.82077E-1 3.78267E-1 7.57509E-1 7.53873E-1 7.51242E-1 7.49756E-1 7.47779E-1 7.4493E-1 7.41532E-1 7.37791E-1 7.33826E-1 7.29709E-1 7.25483E-1
7.09625E-1 7.14233E-1 7.18825E-1 7.23402E-1 7.27962E-1 7.32504E-1 7.37028E-1 7.41532E-1 7.46016E-1 7.50478E-1 7.54919E-1 7.59336E-1 3.82077E-1 7.59336E-1 7.54919E-1 7.50478E-1 7.46016E-1 7.41532E-1 7.37791E-1 7.33826E-1 7.29709E-1 7.25483E-1 7.21176E-1 7.16805E-1 7.12384E-1 7.15076E-1 7.17469E-1 7.19518E-1 7.22399E-1 7.25217E-1 7.27678E-1 7.29709E-1 7.31547E-1 7.33826E-1 7.35562E-1 7.37791E-1 7.39799E-1 7.41532E-1 7.4493E-1 7.47779E-1 7.51242E-1 7.53873E-1 7.54919E-1 7.57509E-1 3.78267E-1 2.63262E-1 3.78267E-1 7.54919E-1 7.51242E-1 7.47779E-1 7.45465E-1 7.43901E-1 7.41532E-1 7.38576E-1 7.35206E-1 7.31547E-1 7.27678E-1 7.23657E-1
7.09625E-1 7.14233E-1 7.18825E-1 7.23402E-1 7.27962E-1 7.32504E-1 7.37028E-1 7.41532E-1 7.46016E-1 7.50478E-1 7.54919E-1 7.59336E-1 3.82077E-1 7.59336E-1 7.54919E-1 7.50478E-1 7.46016E-1 7.41532E-1 7.37028E-1 3.55949E-1 7.27962E-1 7.23657E-1 7.19518E-1 7.15289E-1 7.15933E-1 7.18825E-1 7.21418E-1 7.23657E-1 7.25751E-1 7.28825E-1 7.31547E-1 7.33826E-1 7.35562E-1 7.37791E-1 7.39799E-1 7.41532E-1 7.43901E-1 7.45465E-1 7.47779E-1 3.71367E-1 7.53873E-1 7.57509E-1 7.59336E-1 3.78267E-1 3.82077E-1 3.78267E-1 7.57509E-1 7.53873E-1 7.49756E-1 7.45465E-1 7.41532E-1 7.39799E-1 7.37791E-1 7.35206E-1 7.32182E-1 7.28825E-1 7.25217E-1 7.21418E-1
7.09625E-1 7.14233E-1 7.18825E-1 7.23402E-1 7.27962E-1 7.32504E-1 7.37028E-1 7.41532E-1 7.46016E-1 7.50478E-1 7.54919E-1 7.59336E-1 3.82077E-1 7.59336E-1 7.54919E-1 7.50478E-1 3.66991E-1 3.63284E-1 7.37028E-1 7.32504E-1 7.27962E-1 7.23402E-1 7.18825E-1 7.15933E-1 7.19286E-1 7.22399E-1 7.25217E-1 7.27678E-1 7.29709E-1 7.32182E-1 7.35206E-1 7.37791E-1 7.39799E-1 7.41532E-1 7.43901E-1 7.45465E-1 7.47779E-1 7.49756E-1 7.51242E-1 7.53873E-1 7.57509E-1 7.59336E-1 7.63729E-1 7.59336E-1 7.59336E-1 7.57509E-1 7.53873E-1 7.51242E-1 7.47779E-1 7.43901E-1 7.39799E-1 7.35562E-1 7.33826E-1 7.31547E-1 7.28825E-1 7.25751E-1 7.22399E-1 7.18825E-1
7.09625E-1 7.14233E-1 7.18825E-1 7.23402E-1 7.27962E-1 7.32504E-1 7.37028E-1 7.41532E-1 7.46016E-1 7.50478E-1 7.54919E-1 7.59336E-1 7.63729E-1 7.59336E-1 7.54919E-1 7.50478E-1 7.46016E-1 7.41532E-1 7.37028E-1 7.32504E-1 7.27962E-1 7.23402E-1 7.18825E-1 7.19286E-1 7.22399E-1 7.25751E-1 7.28825E-1 7.31547E-1 7.33826E-1 7.35562E-1 7.38576E-1 7.41532E-1 7.43901E-1 7.45465E-1 3.68461E-1 7.49756E-1 7.51242E-1 7.53873E-1 7.54919E-1 7.57509E-1 7.59336E-1 7.63729E-1 7.59336E-1 7.57509E-1 7.54919E-1 7.53873E-1 7.51242E-1 7.47779E-1 7.4493E-1 7.41532E-1 7.37791E-1 7.33826E-1 7.29709E-1 7.27678E-1 7.25217E-1 7.22399E-1 7.19286E-1 7.15933E-1
7.09625E-1 7.14233E-1 7.18825E-1 7.23402E-1 7.27962E-1 7.32504E-1 7.37028E-1 7.41532E-1 7.46016E-1 7.50478E-1 7.54919E-1 7.59336E-1 3.82077E-1 7.59336E-1 7.54919E-1 7.50478E-1 7.46016E-1 7.41532E-1 7.37028E-1 7.32504E-1 7.27962E-1 7.23402E-1 7.18825E-1 7.22399E-1 7.25751E-1 7.28825E-1 7.32182E-1 7.35206E-1 7.37791E-1 7.39799E-1 7.41532E-1 7.4493E-1 7.47779E-1 7.49756E-1 7.51242E-1 7.53873E-1 3.74483E-1 7.57509E-1 7.59336E-1 7.59336E-1 7.63729E-1 7.59336E-1 7.57509E-1 7.53873E-1 7.51242E-1 7.49756E-1 7.47779E-1 7.4493E-1 7.41532E-1 7.38576E-1 7.35206E-1 7.31547E-1 7.27678E-1 7.23657E-1 7.21418E-1 7.18825E-1 7.15933E-1 7.12789E-1
7.09625E-1 7.14233E-1 7.18825E-1 7.23402E-1 7.27962E-1 7.32504E-1 7.37028E-1 7.41532E-1 7.46016E-1 7.50478E-1 7.54919E-1 7.59336E-1 7.63729E-1 7.59336E-1 7.54919E-1 7.50478E-1 7.46016E-1 7.41532E-1 7.37028E-1 7.32504E-1 7.27962E-1 7.23657E-1 7.21418E-1 7.25217E-1 7.28825E-1 7.32182E-1 7.35206E-1 7.38576E-1 7.41532E-1 7.43901E-1 7.45465E-1 7.47779E-1 7.51242E-1 7.53873E-1 3.74483E-1 7.57509E-1 7.59336E-1 7.59336E-1 7.63729E-1 7.59336E-1 7.59336E-1 7.57509E-1 7.53873E-1 7.51242E-1 7.47779E-1 7.45465E-1 7.43901E-1 7.41532E-1 7.38576E-1 7.35206E-1 7.32182E-1 7.28825E-1 7.25217E-1 7.21418E-1 7.17469E-1 7.15076E-1 7.12384E-1 7.09433E-1
7.09625E-1 7.14233E-1 7.18825E-1 7.23402E-1 7.27962E-1 7.32504E-1 7.37028E-1 7.41532E-1 7.46016E-1 7.50478E-1 7.54919E-1 7.59336E-1 7.63729E-1 7.59336E-1 7.54919E-1 7.50478E-1 7.46016E-1 3.63284E-1 7.37791E-1 7.33826E-1 7.29709E-1 7.25483E-1 7.23657E-1 7.27678E-1 7.31547E-1 7.35206E-1 7.38576E-1 7.41532E-1 7.4493E-1 7.47779E-1 7.49756E-1 7.51242E-1 7.53873E-1 7.57509E-1 7.59336E-1 7.59336E-1 3.82077E-1 3.78267E-1 3.78267E-1 7.57509E-1 7.54919E-1 7.53873E-1 7.51242E-1 7.47779E-1 7.4493E-1 7.41532E-1 7.39799E-1 7.37791E-1 7.35206E-1 7.32182E-1 7.28825E-1 7.25751E-1 7.22399E-1 7.18825E-1 7.15076E-1 7.11185E-1 7.08672E-1 7.059E-1
7.09625E-1 7.14233E-1 7.18825E-1 7.23402E-1 7.27962E-1 7.32504E-1 7.37028E-1 7.41532E-1 7.46016E-1 7.50478E-1 7.54919E-1 7.59336E-1 3.82077E-1 7.59336E-1 7.54919E-1 7.51242E-1 7.47779E-1 7.43901E-1 7.39799E-1 7.35562E-1 7.31547E-1 7.27678E-1 7.25751E-1 7.29709E-1 7.33826E-1 7.37791E-1 7.41532E-1 7.4493E-1 7.47779E-1 7.51242E-1 7.53873E-1 7.54919E-1 7.57509E-1 7.59336E-1 3.82077E-1 7.59336E-1 7.59336E-1 7.57509E-1 3.74483E-1 3.73593E-1 7.51242E-1 3.70117E-1 3.68461E-1 7.4493E-1 7.41532E-1 7.38576E-1 7.35562E-1 7.33826E-1 7.31547E-1 7.28825E-1 7.25751E-1 7.22399E-1 7.19286E-1 7.15933E-1 7.12384E-1 7.08672E-1 7.04826E-1 7.02218E-1
7.09625E-1 7.14233E-1 7.18825E-1 7.23402E-1 7.27962E-1 7.32504E-1 7.37028E-1 7.41532E-1 7.46016E-1 7.50478E-1 7.54919E-1 7.59336E-1 3.82077E-1 7.59336E-1 7.57509E-1 7.53873E-1 7.49756E-1 7.45465E-1 7.41532E-1 7.37791E-1 7.33826E-1 7.29709E-1 7.28825E-1 7.32182E-1 7.35562E-1 7.39799E-1 7.43901E-1 7.47779E-1 7.51242E-1 7.53873E-1 7.57509E-1 7.59336E-1 3.78267E-1 3.82077E-1 7.59336E-1 7.57509E-1 7.54919E-1 7.53873E-1 7.51242E-1 7.49756E-1 7.47779E-1 3.66534E-1 3.65238E-1 7.41532E-1 7.38576E-1 7.35206E-1 7.32182E-1 7.29709E-1 7.27678E-1 7.25217E-1 7.22399E-1 7.19286E-1 7.15933E-1 7.12789E-1 7.09433E-1 7.059E-1 7.02218E-1 6.98409E-1
7.09625E-1 7.14233E-1 7.18825E-1 7.23402E-1 7.27962E-1 7.32504E-1 7.37028E-1 7.41532E-1 7.46016E-1 7.50478E-1 7.54919E-1 7.59336E-1 7.63729E-1 3.82077E-1 7.59336E-1 7.54919E-1 7.51242E-1 7.47779E-1 7.43901E-1 7.39799E-1 7.35562E-1 7.31547E-1 7.32182E-1 7.35206E-1 7.38576E-1 7.41532E-1 7.45465E-1 7.49756E-1 7.53873E-1 7.57509E-1 7.59336E-1 7.63729E-1 7.59336E-1 7.59336E-1 7.57509E-1 3.73593E-1 7.51242E-1 7.49756E-1 7.47779E-1 7.45465E-1 7.43901E-1 7.41532E-1 7.39799E-1 7.37791E-1 7.35206E-1 7.32182E-1 7.28825E-1 7.25751E-1 7.23657E-1 7.21418E-1 7.18825E-1 7.15933E-1 7.12789E-1 7.09433E-1 7.06263E-1 7.02903E-1 6.99382E-1 6.95723E-1
7.09433E-1 7.14024E-1 7.18597E-1 7.23149E-1 7.27678E-1 7.32182E-1 7.36654E-1 7.41087E-1 7.45465E-1 7.49756E-1 7.53873E-1 7.57509E-1 7.59336E-1 3.82077E-1 7.59336E-1 7.57509E-1 7.53873E-1 7.49756E-1 7.45465E-1 7.41532E-1 7.37791E-1 7.33826E-1 7.35206E-1 7.38576E-1 7.41532E-1 7.4493E-1 7.47779E-1 3.71367E-1 3.74483E-1 7.59336E-1 7.63729E-1 7.59336E-1 7.57509E-1 7.54919E-1 7.53873E-1 7.51242E-1 7.47779E-1 7.45465E-1 7.43901E-1 7.41532E-1 7.39799E-1 7.37791E-1 7.35562E-1 7.33826E-1 7.31547E-1 7.28825E-1 7.25751E-1 7.22399E-1 7.19518E-1 7.17469E-1 7.15076E-1 7.12384E-1 7.09433E-1 7.06263E-1 7.02903E-1 6.9971E-1 6.96346E-1 6.92833E-1
