test/answer/keystone_species_maxent/박새.asc
ncols         567
nrows         515
xllcorner     947975.0
yllcorner     1913749.0
cellsize      30.0
NODATA_value  -9999
[rows 400 to 424 of 515, columns 342 to 398 of 567]
6.32121E-1 5.74647E-1 5.74647E-1 5.91077E-1 5.91077E-1 6.32121E-1 6.61171E-1 6.32121E-1 5.74647E-1 5.1146E-1 4.49165E-1 3.96149E-1 4.49165E-1 5.1146E-1 5.74647E-1 6.32121E-1 6.61171E-1 7.30134E-1 6.61171E-1 6.32121E-1 6.61171E-1 6.32121E-1 5.74647E-1 6.32121E-1 6.61171E-1 7.30134E-1 6.61171E-1 6.32121E-1 5.91077E-1 6.61171E-1 7.30134E-1 6.61171E-1 7.30134E-1 7.30134E-1 7.30134E-1 6.61171E-1 6.32121E-1 6.61171E-1 7.30134E-1 7.30134E-1 6.61171E-1 7.30134E-1 6.61171E-1 6.32121E-1 5.74647E-1 5.33948E-1 4.82231E-1 4.27586E-1 3.74172E-1 3.24131E-1 2.88043E-1 2.55496E-1 2.28467E-1 2.01852E-1 1.79648E-1 1.5823E-1 1.43653E-1
6.61171E-1 5.91077E-1 5.74647E-1 5.91077E-1 5.91077E-1 5.91077E-1 5.91077E-1 5.74647E-1 5.33948E-1 5.1146E-1 4.82231E-1 4.41706E-1 4.82231E-1 5.33948E-1 5.91077E-1 6.61171E-1 7.30134E-1 6.61171E-1 6.32121E-1 6.61171E-1 7.30134E-1 6.61171E-1 6.32121E-1 6.61171E-1 7.30134E-1 6.61171E-1 6.32121E-1 5.74647E-1 5.74647E-1 6.32121E-1 6.61171E-1 6.61171E-1 7.30134E-1 7.30134E-1 6.61171E-1 6.32121E-1 6.61171E-1 7.30134E-1 7.30134E-1 6.61171E-1 7.30134E-1 6.61171E-1 6.32121E-1 5.74647E-1 5.33948E-1 4.82231E-1 4.41706E-1 3.96149E-1 3.49787E-1 3.05177E-1 2.63756E-1 2.28467E-1 2.01852E-1 1.79648E-1 1.5823E-1 1.40309E-1 1.5823E-1
6.32121E-1 5.74647E-1 6.32121E-1 6.61171E-1 6.61171E-1 6.61171E-1 6.32121E-1 5.91077E-1 5.91077E-1 5.74647E-1 5.33948E-1 4.82231E-1 5.1146E-1 5.74647E-1 6.32121E-1 6.61171E-1 7.30134E-1 6.61171E-1 5.91077E-1 6.61171E-1 7.30134E-1 6.61171E-1 6.61171E-1 7.30134E-1 6.61171E-1 6.32121E-1 5.74647E-1 5.33948E-1 5.33948E-1 5.74647E-1 5.91077E-1 6.32121E-1 6.61171E-1 6.61171E-1 6.32121E-1 5.91077E-1 6.61171E-1 7.30134E-1 6.61171E-1 6.61171E-1 7.30134E-1 6.61171E-1 5.91077E-1 5.33948E-1 4.82231E-1 4.41706E-1 3.96149E-1 3.59174E-1 3.20179E-1 2.81635E-1 2.4511E-1 2.11499E-1 1.81225E-1 1.5823E-1 1.40309E-1 1.53145E-1 1.76556E-1
5.74647E-1 5.91077E-1 6.61171E-1 7.30134E-1 7.30134E-1 7.30134E-1 6.61171E-1 6.61171E-1 6.61171E-1 6.32121E-1 5.74647E-1 5.33948E-1 5.22344E-1 5.91077E-1 6.61171E-1 7.30134E-1 6.61171E-1 6.32121E-1 5.74647E-1 6.32121E-1 6.61171E-1 7.30134E-1 7.30134E-1 6.61171E-1 6.32121E-1 5.74647E-1 5.33948E-1 4.82231E-1 4.82231E-1 5.1146E-1 5.33948E-1 5.74647E-1 5.91077E-1 5.91077E-1 5.74647E-1 5.74647E-1 6.32121E-1 6.61171E-1 6.61171E-1 7.30134E-1 6.61171E-1 6.32121E-1 5.74647E-1 5.1146E-1 4.49165E-1 3.96149E-1 3.59174E-1 3.20179E-1 2.88043E-1 2.55496E-1 2.24033E-1 1.94603E-1 1.67734E-1 1.43653E-1 1.43653E-1 1.67734E-1 1.94603E-1
5.74647E-1 6.32121E-1 6.61171E-1 7.30134E-1 7.30134E-1 7.30134E-1 7.30134E-1 7.30134E-1 7.30134E-1 6.61171E-1 6.32121E-1 5.74647E-1 5.33948E-1 5.91077E-1 6.61171E-1 7.30134E-1 6.61171E-1 5.91077E-1 5.33948E-1 5.74647E-1 6.32121E-1 6.61171E-1 6.61171E-1 6.32121E-1 5.74647E-1 5.33948E-1 4.82231E-1 4.41706E-1 4.27586E-1 4.49165E-1 4.82231E-1 5.1146E-1 5.22344E-1 5.22344E-1 5.1146E-1 5.33948E-1 5.74647E-1 5.91077E-1 6.61171E-1 7.30134E-1 7.30134E-1 6.61171E-1 5.91077E-1 5.22344E-1 4.56918E-1 3.96149E-1 3.4084E-1 2.91338E-1 2.55496E-1 2.28467E-1 2.01852E-1 1.76556E-1 1.53145E-1 1.31912E-1 1.54394E-1 1.81225E-1 2.11499E-1
5.91077E-1 6.61171E-1 7.30134E-1 7.30134E-1 7.30134E-1 7.30134E-1 7.30134E-1 7.30134E-1 7.30134E-1 7.30134E-1 6.61171E-1 5.91077E-1 5.74647E-1 6.32121E-1 6.61171E-1 7.30134E-1 6.61171E-1 5.91077E-1 5.22344E-1 5.33948E-1 5.74647E-1 5.91077E-1 5.91077E-1 5.74647E-1 5.33948E-1 4.82231E-1 4.49165E-1 4.27586E-1 3.96149E-1 3.96149E-1 4.27586E-1 4.49165E-1 4.56918E-1 4.56918E-1 4.49165E-1 5.1146E-1 5.74647E-1 6.32121E-1 6.61171E-1 7.30134E-1 6.61171E-1 6.32121E-1 5.74647E-1 5.1146E-1 4.49165E-1 3.96149E-1 3.59174E-1 3.20179E-1 2.81635E-1 2.4511E-1 2.11499E-1 1.81225E-1 1.54394E-1 1.3814E-1 1.63563E-1 1.92852E-1 2.26233E-1
5.91077E-1 6.61171E-1 7.30134E-1 7.30134E-1 7.30134E-1 7.30134E-1 7.30134E-1 7.30134E-1 7.30134E-1 7.30134E-1 6.61171E-1 5.91077E-1 6.32121E-1 6.61171E-1 7.30134E-1 6.61171E-1 6.32121E-1 5.74647E-1 5.1146E-1 4.82231E-1 5.1146E-1 5.22344E-1 5.22344E-1 5.1146E-1 5.22344E-1 5.22344E-1 5.1146E-1 4.82231E-1 4.49165E-1 4.27586E-1 3.96149E-1 3.9042E-1 3.96149E-1 4.41706E-1 4.82231E-1 5.33948E-1 5.91077E-1 6.61171E-1 7.30134E-1 6.61171E-1 6.32121E-1 5.91077E-1 5.74647E-1 5.33948E-1 4.82231E-1 4.41706E-1 3.96149E-1 3.49787E-1 3.05177E-1 2.63756E-1 2.26233E-1 1.92852E-1 1.70602E-1 1.63563E-1 1.70602E-1 2.01852E-1 2.37752E-1
5.74647E-1 6.32121E-1 6.61171E-1 6.61171E-1 7.30134E-1 7.30134E-1 7.30134E-1 7.30134E-1 7.30134E-1 7.30134E-1 6.61171E-1 5.91077E-1 6.61171E-1 7.30134E-1 7.30134E-1 6.61171E-1 5.91077E-1 5.33948E-1 5.22344E-1 5.1146E-1 4.82231E-1 4.82231E-1 5.33948E-1 5.74647E-1 5.91077E-1 5.91077E-1 5.74647E-1 5.33948E-1 5.1146E-1 4.82231E-1 4.41706E-1 3.96149E-1 4.41706E-1 4.82231E-1 5.33948E-1 5.74647E-1 6.32121E-1 6.61171E-1 7.30134E-1 6.61171E-1 6.32121E-1 6.61171E-1 6.32121E-1 5.74647E-1 5.33948E-1 4.82231E-1 4.27586E-1 3.74172E-1 3.24131E-1 2.7852E-1 2.37752E-1 2.07558E-1 2.01852E-1 1.92852E-1 1.81225E-1 2.07558E-1 2.4511E-1
5.74647E-1 5.74647E-1 5.91077E-1 6.32121E-1 6.61171E-1 6.61171E-1 7.30134E-1 7.30134E-1 7.30134E-1 7.30134E-1 6.61171E-1 6.32121E-1 6.32121E-1 6.61171E-1 7.30134E-1 6.61171E-1 5.91077E-1 5.74647E-1 5.91077E-1 5.74647E-1 5.33948E-1 5.33948E-1 5.74647E-1 6.32121E-1 6.61171E-1 6.61171E-1 6.32121E-1 5.91077E-1 5.74647E-1 5.33948E-1 4.82231E-1 4.41706E-1 4.82231E-1 5.33948E-1 5.74647E-1 6.32121E-1 6.61171E-1 7.30134E-1 6.61171E-1 7.30134E-1 6.61171E-1 7.30134E-1 6.61171E-1 6.32121E-1 5.74647E-1 5.1146E-1 4.49165E-1 3.9042E-1 3.36521E-1 2.88043E-1 2.47643E-1 2.4511E-1 2.37752E-1 2.26233E-1 2.11499E-1 2.09514E-1 2.47643E-1
5.91077E-1 5.22344E-1 5.33948E-1 5.74647E-1 5.91077E-1 6.32121E-1 6.61171E-1 6.61171E-1 6.61171E-1 6.61171E-1 7.30134E-1 6.61171E-1 6.61171E-1 7.30134E-1 6.61171E-1 6.32121E-1 5.74647E-1 6.32121E-1 6.61171E-1 6.32121E-1 5.74647E-1 5.74647E-1 6.32121E-1 6.61171E-1 7.30134E-1 7.30134E-1 6.61171E-1 6.61171E-1 6.32121E-1 5.74647E-1 5.1146E-1 4.82231E-1 5.33948E-1 5.74647E-1 6.32121E-1 6.61171E-1 7.30134E-1 6.61171E-1 7.30134E-1 7.30134E-1 6.61171E-1 6.61171E-1 7.30134E-1 6.61171E-1 5.91077E-1 5.22344E-1 4.56918E-1 3.96149E-1 3.4084E-1 2.91338E-1 2.91338E-1 2.88043E-1 2.7852E-1 2.63756E-1 2.4511E-1 2.24033E-1 2.4511E-1
5.91077E-1 5.22344E-1 4.82231E-1 5.1146E-1 5.33948E-1 5.74647E-1 5.91077E-1 6.32121E-1 6.61171E-1 7.30134E-1 6.61171E-1 6.32121E-1 6.32121E-1 6.61171E-1 6.32121E-1 5.74647E-1 5.91077E-1 6.61171E-1 7.30134E-1 6.61171E-1 5.91077E-1 5.91077E-1 6.61171E-1 7.30134E-1 6.61171E-1 7.30134E-1 7.30134E-1 7.30134E-1 6.61171E-1 5.91077E-1 5.22344E-1 5.1146E-1 5.74647E-1 6.32121E-1 6.61171E-1 7.30134E-1 6.61171E-1 7.30134E-1 6.61171E-1 6.61171E-1 6.32121E-1 6.32121E-1 6.61171E-1 6.32121E-1 5.74647E-1 5.1146E-1 4.49165E-1 3.9042E-1 3.36521E-1 3.36521E-1 3.4084E-1 3.36521E-1 3.24131E-1 3.05177E-1 2.81635E-1 2.55496E-1 2.37752E-1
5.91077E-1 5.22344E-1 5.22344E-1 5.22344E-1 5.1146E-1 5.33948E-1 5.91077E-1 6.61171E-1 7.30134E-1 6.61171E-1 6.32121E-1 5.74647E-1 5.74647E-1 5.91077E-1 5.74647E-1 5.33948E-1 5.74647E-1 6.32121E-1 6.61171E-1 6.32121E-1 5.74647E-1 5.91077E-1 6.61171E-1 7.30134E-1 6.61171E-1 6.61171E-1 6.61171E-1 7.30134E-1 6.61171E-1 5.91077E-1 5.22344E-1 5.33948E-1 5.91077E-1 6.61171E-1 7.30134E-1 7.30134E-1 6.61171E-1 7.30134E-1 6.61171E-1 5.91077E-1 5.74647E-1 5.74647E-1 5.91077E-1 5.74647E-1 5.33948E-1 4.82231E-1 4.27586E-1 3.74172E-1 3.74172E-1 3.9042E-1 3.96149E-1 3.9042E-1 3.74172E-1 3.49787E-1 3.20179E-1 2.88043E-1 2.55496E-1
5.74647E-1 5.74647E-1 5.91077E-1 5.91077E-1 5.74647E-1 5.74647E-1 6.32121E-1 6.61171E-1 6.61171E-1 6.32121E-1 5.74647E-1 5.33948E-1 5.1146E-1 5.22344E-1 5.33948E-1 5.74647E-1 5.91077E-1 5.74647E-1 5.91077E-1 5.74647E-1 5.33948E-1 5.74647E-1 6.32121E-1 6.61171E-1 6.32121E-1 5.91077E-1 6.32121E-1 6.61171E-1 6.32121E-1 5.74647E-1 5.1146E-1 5.74647E-1 6.32121E-1 6.61171E-1 7.30134E-1 7.30134E-1 6.61171E-1 7.30134E-1 6.61171E-1 6.61171E-1 6.32121E-1 5.74647E-1 5.22344E-1 5.1146E-1 4.82231E-1 4.41706E-1 3.96149E-1 3.96149E-1 4.27586E-1 4.49165E-1 4.56918E-1 4.49165E-1 4.27586E-1 3.96149E-1 3.59174E-1 3.20179E-1 2.81635E-1
5.74647E-1 6.32121E-1 6.61171E-1 6.61171E-1 6.32121E-1 5.91077E-1 6.61171E-1 7.30134E-1 6.61171E-1 5.91077E-1 5.33948E-1 4.82231E-1 4.56918E-1 5.1146E-1 5.74647E-1 6.32121E-1 6.61171E-1 6.32121E-1 5.91077E-1 5.74647E-1 5.33948E-1 5.74647E-1 5.91077E-1 5.91077E-1 5.74647E-1 5.33948E-1 5.74647E-1 5.91077E-1 5.74647E-1 5.33948E-1 5.33948E-1 5.91077E-1 6.61171E-1 7.30134E-1 7.30134E-1 7.30134E-1 6.61171E-1 6.61171E-1 7.30134E-1 7.30134E-1 6.61171E-1 5.91077E-1 5.22344E-1 4.56918E-1 4.27586E-1 3.96149E-1 3.96149E-1 4.41706E-1 4.82231E-1 5.1146E-1 5.22344E-1 5.1146E-1 4.82231E-1 4.41706E-1 3.96149E-1 3.49787E-1 3.05177E-1
5.91077E-1 6.61171E-1 7.30134E-1 7.30134E-1 6.61171E-1 6.61171E-1 6.32121E-1 6.61171E-1 6.32121E-1 5.74647E-1 5.1146E-1 5.1146E-1 5.22344E-1 5.22344E-1 5.91077E-1 6.61171E-1 7.30134E-1 6.61171E-1 6.61171E-1 6.32121E-1 5.91077E-1 6.32121E-1 6.61171E-1 6.61171E-1 6.32121E-1 5.74647E-1 5.33948E-1 5.22344E-1 5.1146E-1 5.33948E-1 5.74647E-1 6.32121E-1 6.61171E-1 7.30134E-1 7.30134E-1 7.30134E-1 7.30134E-1 6.61171E-1 7.30134E-1 7.30134E-1 6.61171E-1 5.91077E-1 5.22344E-1 4.82231E-1 4.41706E-1 3.96149E-1 4.27586E-1 4.82231E-1 5.33948E-1 5.74647E-1 5.91077E-1 5.74647E-1 5.33948E-1 4.82231E-1 4.27586E-1 3.74172E-1 3.24131E-1
6.32121E-1 6.61171E-1 7.30134E-1 6.61171E-1 7.30134E-1 7.30134E-1 6.61171E-1 5.91077E-1 5.74647E-1 5.33948E-1 5.33948E-1 5.74647E-1 5.91077E-1 5.74647E-1 5.74647E-1 6.32121E-1 6.61171E-1 6.61171E-1 7.30134E-1 6.61171E-1 6.61171E-1 6.61171E-1 7.30134E-1 7.30134E-1 6.61171E-1 6.32121E-1 5.74647E-1 5.1146E-1 5.1146E-1 5.74647E-1 6.32121E-1 6.61171E-1 7.30134E-1 7.30134E-1 7.30134E-1 7.30134E-1 6.61171E-1 6.61171E-1 7.30134E-1 6.61171E-1 6.32121E-1 5.91077E-1 5.74647E-1 5.33948E-1 4.82231E-1 4.27586E-1 4.49165E-1 5.1146E-1 5.74647E-1 6.32121E-1 6.61171E-1 6.32121E-1 5.74647E-1 5.1146E-1 4.49165E-1 3.9042E-1 3.36521E-1
6.61171E-1 7.30134E-1 6.61171E-1 6.32121E-1 6.61171E-1 6.61171E-1 6.32121E-1 5.74647E-1 5.1146E-1 5.1146E-1 5.74647E-1 6.32121E-1 6.61171E-1 6.32121E-1 5.91077E-1 6.61171E-1 7.30134E-1 6.61171E-1 6.61171E-1 6.61171E-1 7.30134E-1 7.30134E-1 7.30134E-1 7.30134E-1 7.30134E-1 6.61171E-1 5.91077E-1 5.22344E-1 5.33948E-1 5.91077E-1 6.61171E-1 7.30134E-1 7.30134E-1 7.30134E-1 7.30134E-1 7.30134E-1 6.61171E-1 7.30134E-1 7.30134E-1 6.61171E-1 6.32121E-1 6.61171E-1 6.32121E-1 5.74647E-1 5.1146E-1 4.49165E-1 4.56918E-1 5.22344E-1 5.91077E-1 6.61171E-1 7.30134E-1 6.61171E-1 5.91077E-1 5.22344E-1 4.56918E-1 3.96149E-1 3.4084E-1
6.61171E-1 7.30134E-1 6.61171E-1 5.91077E-1 5.91077E-1 5.91077E-1 5.74647E-1 5.33948E-1 4.82231E-1 5.22344E-1 5.91077E-1 6.61171E-1 7.30134E-1 6.61171E-1 5.91077E-1 6.61171E-1 7.30134E-1 6.61171E-1 5.91077E-1 6.61171E-1 7.30134E-1 6.61171E-1 6.61171E-1 6.61171E-1 7.30134E-1 6.61171E-1 5.91077E-1 5.22344E-1 5.74647E-1 6.32121E-1 6.61171E-1 7.30134E-1 7.30134E-1 7.30134E-1 7.30134E-1 6.61171E-1 6.61171E-1 7.30134E-1 6.61171E-1 6.32121E-1 6.61171E-1 7.30134E-1 6.61171E-1 5.91077E-1 5.22344E-1 4.56918E-1 4.49165E-1 5.1146E-1 5.74647E-1 6.32121E-1 6.61171E-1 6.32121E-1 5.74647E-1 5.1146E-1 4.49165E-1 3.9042E-1 3.36521E-1
6.61171E-1 7.30134E-1 6.61171E-1 5.91077E-1 5.33948E-1 5.74647E-1 5.91077E-1 5.74647E-1 5.33948E-1 5.33948E-1 5.91077E-1 6.61171E-1 7.30134E-1 6.61171E-1 6.32121E-1 6.61171E-1 7.30134E-1 6.61171E-1 5.91077E-1 6.61171E-1 7.30134E-1 6.61171E-1 5.91077E-1 6.61171E-1 7.30134E-1 6.61171E-1 5.91077E-1 5.22344E-1 5.91077E-1 6.61171E-1 7.30134E-1 7.30134E-1 7.30134E-1 6.61171E-1 6.61171E-1 6.61171E-1 7.30134E-1 7.30134E-1 6.61171E-1 6.61171E-1 7.30134E-1 7.30134E-1 6.61171E-1 5.91077E-1 5.22344E-1 4.56918E-1 4.27586E-1 4.82231E-1 5.33948E-1 5.74647E-1 5.91077E-1 5.74647E-1 5.33948E-1 4.82231E-1 4.27586E-1 3.74172E-1 3.24131E-1
6.32121E-1 6.61171E-1 6.32121E-1 5.74647E-1 5.74647E-1 6.32121E-1 6.61171E-1 6.32121E-1 5.74647E-1 5.74647E-1 6.32121E-1 6.61171E-1 7.30134E-1 6.61171E-1 6.61171E-1 7.30134E-1 6.61171E-1 6.32121E-1 5.74647E-1 6.32121E-1 6.61171E-1 6.32121E-1 6.32121E-1 6.61171E-1 7.30134E-1 6.61171E-1 5.91077E-1 5.33948E-1 5.91077E-1 6.61171E-1 7.30134E-1 6.61171E-1 6.61171E-1 6.61171E-1 7.30134E-1 6.61171E-1 7.30134E-1 6.61171E-1 6.32121E-1 6.32121E-1 6.61171E-1 6.61171E-1 6.32121E-1 5.74647E-1 5.1146E-1 4.49165E-1 3.96149E-1 4.41706E-1 4.82231E-1 5.1146E-1 5.22344E-1 5.1146E-1 4.82231E-1 4.41706E-1 3.96149E-1 3.49787E-1 3.05177E-1
5.74647E-1 5.91077E-1 5.74647E-1 5.33948E-1 5.91077E-1 6.61171E-1 7.30134E-1 6.61171E-1 5.91077E-1 5.91077E-1 6.61171E-1 7.30134E-1 6.61171E-1 6.32121E-1 6.61171E-1 7.30134E-1 6.61171E-1 5.91077E-1 5.33948E-1 5.74647E-1 5.91077E-1 5.91077E-1 6.61171E-1 7.30134E-1 6.61171E-1 6.32121E-1 5.74647E-1 5.74647E-1 6.32121E-1 6.61171E-1 7.30134E-1 6.61171E-1 7.30134E-1 7.30134E-1 6.61171E-1 6.32121E-1 6.61171E-1 6.32121E-1 5.74647E-1 5.74647E-1 5.91077E-1 5.91077E-1 5.74647E-1 5.33948E-1 4.82231E-1 4.27586E-1 3.74172E-1 3.96149E-1 4.27586E-1 4.49165E-1 4.56918E-1 4.49165E-1 4.27586E-1 3.96149E-1 3.59174E-1 3.20179E-1 2.81635E-1
5.1146E-1 5.22344E-1 5.1146E-1 5.1146E-1 5.74647E-1 6.32121E-1 6.61171E-1 6.32121E-1 5.74647E-1 5.74647E-1 6.32121E-1 6.61171E-1 6.32121E-1 6.32121E-1 6.61171E-1 6.61171E-1 6.32121E-1 5.74647E-1 5.1146E-1 5.1146E-1 5.22344E-1 5.74647E-1 6.32121E-1 6.61171E-1 6.32121E-1 5.74647E-1 5.33948E-1 5.91077E-1 6.61171E-1 7.30134E-1 6.61171E-1 7.30134E-1 7.30134E-1 6.61171E-1 6.32121E-1 5.74647E-1 5.91077E-1 5.74647E-1 5.33948E-1 5.1146E-1 5.22344E-1 5.22344E-1 5.1146E-1 4.82231E-1 4.41706E-1 3.96149E-1 3.74172E-1 3.49787E-1 3.74172E-1 3.9042E-1 3.96149E-1 3.9042E-1 3.74172E-1 3.49787E-1 3.20179E-1 2.88043E-1 2.55496E-1
4.49165E-1 4.56918E-1 4.49165E-1 4.82231E-1 5.33948E-1 5.74647E-1 5.91077E-1 5.74647E-1 5.33948E-1 5.33948E-1 5.74647E-1 5.91077E-1 5.91077E-1 6.61171E-1 7.30134E-1 6.61171E-1 5.91077E-1 5.33948E-1 4.82231E-1 4.56918E-1 4.82231E-1 5.33948E-1 5.74647E-1 5.91077E-1 5.74647E-1 5.33948E-1 5.33948E-1 5.91077E-1 6.61171E-1 7.30134E-1 6.61171E-1 7.30134E-1 7.30134E-1 6.61171E-1 5.91077E-1 5.33948E-1 5.22344E-1 5.1146E-1 4.82231E-1 4.49165E-1 4.56918E-1 4.56918E-1 4.49165E-1 4.49165E-1 4.56918E-1 4.49165E-1 4.27586E-1 3.96149E-1 3.59174E-1 3.36521E-1 3.4084E-1 3.36521E-1 3.24131E-1 3.05177E-1 2.81635E-1 2.55496E-1 2.28467E-1
3.9042E-1 3.96149E-1 3.96149E-1 4.41706E-1 4.82231E-1 5.1146E-1 5.22344E-1 5.1146E-1 4.82231E-1 5.1146E-1 5.74647E-1 6.32121E-1 6.61171E-1 6.61171E-1 6.61171E-1 6.32121E-1 5.91077E-1 5.74647E-1 5.33948E-1 5.22344E-1 5.1146E-1 4.82231E-1 5.1146E-1 5.22344E-1 5.1146E-1 5.1146E-1 5.74647E-1 6.32121E-1 6.61171E-1 7.30134E-1 6.61171E-1 7.30134E-1 6.61171E-1 6.32121E-1 5.74647E-1 5.1146E-1 4.56918E-1 4.49165E-1 4.27586E-1 3.96149E-1 3.96149E-1 4.41706E-1 4.82231E-1 5.1146E-1 5.22344E-1 5.1146E-1 4.82231E-1 4.41706E-1 3.96149E-1 3.49787E-1 3.05177E-1 2.88043E-1 2.7852E-1 2.63756E-1 2.4511E-1 2.24033E-1 2.01852E-1
3.36521E-1 3.4084E-1 3.59174E-1 3.96149E-1 4.27586E-1 4.49165E-1 4.56918E-1 4.49165E-1 4.56918E-1 5.22344E-1 5.91077E-1 6.61171E-1 7.30134E-1 7.30134E-1 6.61171E-1 6.61171E-1 6.61171E-1 6.32121E-1 5.91077E-1 5.91077E-1 5.74647E-1 5.33948E-1 5.22344E-1 5.22344E-1 5.1146E-1 5.22344E-1 5.91077E-1 6.61171E-1 7.30134E-1 7.30134E-1 6.61171E-1 6.61171E-1 7.30134E-1 6.61171E-1 5.91077E-1 5.33948E-1 4.82231E-1 4.41706E-1 3.96149E-1 3.74172E-1 4.27586E-1 4.82231E-1 5.33948E-1 5.74647E-1 5.91077E-1 5.74647E-1 5.33948E-1 4.82231E-1 4.27586E-1 3.74172E-1 3.24131E-1 2.7852E-1 2.37752E-1 2.26233E-1 2.11499E-1 1.94603E-1 2.11499E-1
