test/answer/keystone_species_maxent/박새.asc
ncols         567
nrows         515
xllcorner     947975.0
yllcorner     1913749.0
cellsize      30.0
NODATA_value  -9999
[rows 425 to 449 of 515, columns 456 to 512 of 567]
6.61171E-1 6.61171E-1 6.61171E-1 6.61171E-1 6.61171E-1 6.61171E-1 6.61171E-1 6.32121E-1 5.74647E-1 5.74647E-1 5.91077E-1 5.74647E-1 5.33948E-1 4.82231E-1 4.27586E-1 3.9042E-1 3.74172E-1 3.49787E-1 3.24131E-1 3.36521E-1 3.4084E-1 3.36521E-1 3.24131E-1 3.05177E-1 2.81635E-1 2.55496E-1 2.28467E-1 2.01852E-1 2.24033E-1 2.55496E-1 2.88043E-1 3.20179E-1 3.49787E-1 3.74172E-1 3.9042E-1 3.96149E-1 3.9042E-1 3.74172E-1 3.49787E-1 3.24131E-1 3.05177E-1 2.81635E-1 2.55496E-1 2.28467E-1 2.01852E-1 1.76556E-1 1.53145E-1 1.31912E-1 1.19703E-1 1.07482E-1 9.56089E-2 8.43484E-2 7.38772E-2 6.50624E-2 5.69261E-2 4.95205E-2 4.28595E-2
5.91077E-1 6.32121E-1 6.61171E-1 6.61171E-1 6.32121E-1 5.91077E-1 5.91077E-1 5.74647E-1 5.33948E-1 5.1146E-1 5.22344E-1 5.1146E-1 4.82231E-1 4.41706E-1 3.96149E-1 3.49787E-1 3.24131E-1 3.05177E-1 2.81635E-1 2.88043E-1 2.91338E-1 2.88043E-1 2.7852E-1 2.63756E-1 2.4511E-1 2.24033E-1 2.01852E-1 1.79648E-1 2.01852E-1 2.28467E-1 2.55496E-1 2.81635E-1 3.05177E-1 3.24131E-1 3.36521E-1 3.4084E-1 3.36521E-1 3.24131E-1 3.05177E-1 2.81635E-1 2.63756E-1 2.4511E-1 2.24033E-1 2.01852E-1 1.79648E-1 1.5823E-1 1.3814E-1 1.19703E-1 1.03073E-1 9.30768E-2 8.32689E-2 7.38772E-2 6.50624E-2 5.69261E-2 5.00654E-2 4.37705E-2 3.80651E-2
5.91077E-1 6.61171E-1 7.30134E-1 7.30134E-1 6.61171E-1 5.91077E-1 5.22344E-1 5.1146E-1 4.82231E-1 4.49165E-1 4.56918E-1 4.49165E-1 4.27586E-1 3.96149E-1 3.59174E-1 3.20179E-1 2.81635E-1 2.63756E-1 2.4511E-1 2.4511E-1 2.47643E-1 2.4511E-1 2.37752E-1 2.26233E-1 2.11499E-1 1.94603E-1 1.76556E-1 1.5823E-1 1.79648E-1 2.01852E-1 2.24033E-1 2.4511E-1 2.63756E-1 2.7852E-1 2.88043E-1 2.91338E-1 2.88043E-1 2.7852E-1 2.63756E-1 2.4511E-1 2.26233E-1 2.11499E-1 1.94603E-1 1.76556E-1 1.5823E-1 1.40309E-1 1.23286E-1 1.07482E-1 9.30768E-2 8.01393E-2 7.20817E-2 6.42968E-2 5.69261E-2 5.00654E-2 4.37705E-2 3.8454E-2 3.35998E-2
5.91077E-1 6.61171E-1 7.30134E-1 6.61171E-1 6.32121E-1 5.74647E-1 5.1146E-1 4.49165E-1 4.27586E-1 3.96149E-1 3.96149E-1 3.9042E-1 3.74172E-1 3.49787E-1 3.20179E-1 2.88043E-1 2.55496E-1 2.26233E-1 2.11499E-1 2.07558E-1 2.09514E-1 2.07558E-1 2.01852E-1 1.92852E-1 1.81225E-1 1.67734E-1 1.53145E-1 1.40309E-1 1.5823E-1 1.76556E-1 1.94603E-1 2.11499E-1 2.26233E-1 2.37752E-1 2.4511E-1 2.47643E-1 2.4511E-1 2.37752E-1 2.26233E-1 2.11499E-1 1.94603E-1 1.81225E-1 1.67734E-1 1.53145E-1 1.3814E-1 1.23286E-1 1.09009E-1 9.56089E-2 8.32689E-2 7.20817E-2 6.20695E-2 5.5649E-2 4.95205E-2 4.37705E-2 3.8454E-2 3.35998E-2 2.94937E-2
6.61171E-1 6.32121E-1 6.61171E-1 6.32121E-1 5.74647E-1 5.33948E-1 4.82231E-1 4.27586E-1 3.74172E-1 3.49787E-1 3.4084E-1 3.36521E-1 3.24131E-1 3.05177E-1 2.81635E-1 2.55496E-1 2.28467E-1 2.01852E-1 1.81225E-1 1.7504E-1 1.76556E-1 1.7504E-1 1.70602E-1 1.63563E-1 1.54394E-1 1.43653E-1 1.31912E-1 1.23286E-1 1.3814E-1 1.53145E-1 1.67734E-1 1.81225E-1 1.92852E-1 2.01852E-1 2.07558E-1 2.09514E-1 2.07558E-1 2.01852E-1 1.92852E-1 1.81225E-1 1.67734E-1 1.54394E-1 1.43653E-1 1.31912E-1 1.19703E-1 1.07482E-1 9.56089E-2 8.43484E-2 7.38772E-2 6.42968E-2 5.5649E-2 4.79313E-2 4.28595E-2 3.80651E-2 3.35998E-2 2.94937E-2 2.57598E-2
7.30134E-1 6.61171E-1 5.91077E-1 5.74647E-1 5.33948E-1 4.82231E-1 4.41706E-1 3.96149E-1 3.49787E-1 3.05177E-1 2.91338E-1 2.88043E-1 2.7852E-1 2.63756E-1 2.4511E-1 2.24033E-1 2.01852E-1 1.79648E-1 1.5823E-1 1.47111E-1 1.4829E-1 1.47111E-1 1.43653E-1 1.3814E-1 1.30913E-1 1.22376E-1 1.1296E-1 1.07482E-1 1.19703E-1 1.31912E-1 1.43653E-1 1.54394E-1 1.63563E-1 1.70602E-1 1.7504E-1 1.76556E-1 1.7504E-1 1.70602E-1 1.63563E-1 1.54394E-1 1.43653E-1 1.31912E-1 1.22376E-1 1.1296E-1 1.03073E-1 9.30768E-2 8.32689E-2 7.38772E-2 6.50624E-2 5.69261E-2 4.95205E-2 4.28595E-2 3.6928E-2 3.2948E-2 2.92153E-2 2.57598E-2 2.25968E-2
6.61171E-1 6.32121E-1 5.74647E-1 5.1146E-1 4.82231E-1 4.41706E-1 3.96149E-1 3.59174E-1 3.20179E-1 2.81635E-1 2.47643E-1 2.4511E-1 2.37752E-1 2.26233E-1 2.11499E-1 1.94603E-1 1.76556E-1 1.5823E-1 1.40309E-1 1.23286E-1 1.24205E-1 1.23286E-1 1.20585E-1 1.16264E-1 1.10566E-1 1.0379E-1 9.62565E-2 9.30768E-2 1.03073E-1 1.1296E-1 1.22376E-1 1.30913E-1 1.3814E-1 1.43653E-1 1.47111E-1 1.4829E-1 1.47111E-1 1.43653E-1 1.3814E-1 1.30913E-1 1.22376E-1 1.1296E-1 1.0379E-1 9.62565E-2 8.8278E-2 8.01393E-2 7.20817E-2 6.42968E-2 5.69261E-2 5.00654E-2 4.37705E-2 3.80651E-2 3.2948E-2 2.83996E-2 2.52922E-2 2.23969E-2 1.973E-2
5.91077E-1 5.74647E-1 5.33948E-1 4.82231E-1 4.27586E-1 3.96149E-1 3.59174E-1 3.20179E-1 2.88043E-1 2.55496E-1 2.24033E-1 2.07558E-1 2.01852E-1 1.92852E-1 1.81225E-1 1.67734E-1 1.53145E-1 1.3814E-1 1.23286E-1 1.09009E-1 1.0379E-1 1.03073E-1 1.00961E-1 9.75696E-2 9.30768E-2 8.77017E-2 8.16841E-2 8.01393E-2 8.8278E-2 9.62565E-2 1.0379E-1 1.10566E-1 1.16264E-1 1.20585E-1 1.23286E-1 1.24205E-1 1.23286E-1 1.20585E-1 1.16264E-1 1.10566E-1 1.0379E-1 9.62565E-2 8.8278E-2 8.16841E-2 7.52629E-2 6.86603E-2 6.20695E-2 5.5649E-2 4.95205E-2 4.37705E-2 3.8454E-2 3.35998E-2 2.92153E-2 2.52922E-2 2.18103E-2 1.93936E-2 1.71544E-2
5.22344E-1 5.1146E-1 4.82231E-1 4.41706E-1 3.96149E-1 3.49787E-1 3.20179E-1 2.88043E-1 2.55496E-1 2.28467E-1 2.01852E-1 1.76556E-1 1.70602E-1 1.63563E-1 1.54394E-1 1.43653E-1 1.31912E-1 1.19703E-1 1.07482E-1 9.56089E-2 8.65644E-2 8.60031E-2 8.43484E-2 8.16841E-2 7.81397E-2 7.38772E-2 6.90761E-2 6.86603E-2 7.52629E-2 8.16841E-2 8.77017E-2 9.30768E-2 9.75696E-2 1.00961E-1 1.03073E-1 1.0379E-1 1.03073E-1 1.00961E-1 9.75696E-2 9.30768E-2 8.77017E-2 8.16841E-2 7.52629E-2 6.90761E-2 6.39184E-2 5.85766E-2 5.32045E-2 4.79313E-2 4.28595E-2 3.80651E-2 3.35998E-2 2.94937E-2 2.57598E-2 2.23969E-2 1.93936E-2 1.67314E-2 1.48579E-2
4.56918E-1 4.49165E-1 4.27586E-1 3.96149E-1 3.59174E-1 3.20179E-1 2.81635E-1 2.55496E-1 2.28467E-1 2.01852E-1 1.79648E-1 1.5823E-1 1.43653E-1 1.3814E-1 1.30913E-1 1.22376E-1 1.1296E-1 1.03073E-1 9.30768E-2 8.32689E-2 7.38772E-2 7.16419E-2 7.03435E-2 6.82478E-2 6.54497E-2 6.20695E-2 5.82416E-2 5.85766E-2 6.39184E-2 6.90761E-2 7.38772E-2 7.81397E-2 8.16841E-2 8.43484E-2 8.60031E-2 8.65644E-2 8.60031E-2 8.43484E-2 8.16841E-2 7.81397E-2 7.38772E-2 6.90761E-2 6.39184E-2 5.85766E-2 5.41046E-2 4.9792E-2 4.54253E-2 4.11089E-2 3.6928E-2 3.2948E-2 2.92153E-2 2.57598E-2 2.25968E-2 1.973E-2 1.71544E-2 1.48579E-2 1.28242E-2
4.56918E-1 3.96149E-1 3.74172E-1 3.49787E-1 3.20179E-1 2.88043E-1 2.55496E-1 2.24033E-1 2.01852E-1 1.79648E-1 1.5823E-1 1.40309E-1 1.23286E-1 1.16264E-1 1.10566E-1 1.0379E-1 9.62565E-2 8.8278E-2 8.01393E-2 7.20817E-2 6.42968E-2 5.95969E-2 5.85766E-2 5.69261E-2 5.47156E-2 5.20343E-2 4.89833E-2 4.9792E-2 5.41046E-2 5.82416E-2 6.20695E-2 6.54497E-2 6.82478E-2 7.03435E-2 7.16419E-2 7.20817E-2 7.16419E-2 7.03435E-2 6.82478E-2 6.54497E-2 6.20695E-2 5.82416E-2 5.41046E-2 4.9792E-2 4.56682E-2 4.21921E-2 3.86503E-2 3.51268E-2 3.16915E-2 2.83996E-2 2.52922E-2 2.23969E-2 1.973E-2 1.72982E-2 1.51005E-2 1.31299E-2 1.13752E-2
4.56918E-1 3.96149E-1 3.4084E-1 3.05177E-1 2.81635E-1 2.55496E-1 2.28467E-1 2.01852E-1 1.76556E-1 1.5823E-1 1.40309E-1 1.23286E-1 1.09009E-1 9.75696E-2 9.30768E-2 8.77017E-2 8.16841E-2 7.52629E-2 6.86603E-2 6.20695E-2 5.5649E-2 4.95205E-2 4.87176E-2 4.74161E-2 4.56682E-2 4.35404E-2 4.11089E-2 4.21921E-2 4.56682E-2 4.89833E-2 5.20343E-2 5.47156E-2 5.69261E-2 5.85766E-2 5.95969E-2 5.99422E-2 5.95969E-2 5.85766E-2 5.69261E-2 5.47156E-2 5.20343E-2 4.89833E-2 4.56682E-2 4.21921E-2 3.86503E-2 3.56553E-2 3.27875E-2 2.99176E-2 2.71024E-2 2.43882E-2 2.18103E-2 1.93936E-2 1.71544E-2 1.51005E-2 1.32337E-2 1.15507E-2 1.00442E-2
4.56918E-1 3.96149E-1 3.4084E-1 2.91338E-1 2.47643E-1 2.24033E-1 2.01852E-1 1.79648E-1 1.5823E-1 1.3814E-1 1.23286E-1 1.09009E-1 9.56089E-2 8.43484E-2 7.81397E-2 7.38772E-2 6.90761E-2 6.39184E-2 5.85766E-2 5.32045E-2 4.79313E-2 4.28595E-2 4.0476E-2 3.94485E-2 3.80651E-2 3.63756E-2 3.44375E-2 3.56553E-2 3.8454E-2 4.11089E-2 4.35404E-2 4.56682E-2 4.74161E-2 4.87176E-2 4.95205E-2 4.9792E-2 4.95205E-2 4.87176E-2 4.74161E-2 4.56682E-2 4.35404E-2 4.11089E-2 3.8454E-2 3.56553E-2 3.27875E-2 3.00606E-2 2.77416E-2 2.54081E-2 2.31062E-2 2.08741E-2 1.87418E-2 1.67314E-2 1.48579E-2 1.31299E-2 1.15507E-2 1.01193E-2 8.83148E-3
4.56918E-1 3.96149E-1 3.4084E-1 2.91338E-1 2.47643E-1 2.09514E-1 1.76556E-1 1.5823E-1 1.40309E-1 1.23286E-1 1.07482E-1 9.56089E-2 8.43484E-2 7.38772E-2 6.54497E-2 6.20695E-2 5.82416E-2 5.41046E-2 4.9792E-2 4.54253E-2 4.11089E-2 3.6928E-2 3.35998E-2 3.27875E-2 3.16915E-2 3.03491E-2 2.88039E-2 3.00606E-2 3.23121E-2 3.44375E-2 3.63756E-2 3.80651E-2 3.94485E-2 4.0476E-2 4.11089E-2 4.13227E-2 4.11089E-2 4.0476E-2 3.94485E-2 3.80651E-2 3.63756E-2 3.44375E-2 3.23121E-2 3.00606E-2 2.77416E-2 2.54081E-2 2.34187E-2 2.15241E-2 1.96453E-2 1.78137E-2 1.60544E-2 1.43867E-2 1.28242E-2 1.13752E-2 1.00442E-2 8.83148E-3 7.73496E-3
4.56918E-1 3.96149E-1 3.4084E-1 2.91338E-1 2.47643E-1 2.11499E-1 1.81225E-1 1.54394E-1 1.30913E-1 1.10566E-1 9.56089E-2 8.32689E-2 7.38772E-2 6.50624E-2 5.69261E-2 5.20343E-2 4.89833E-2 4.56682E-2 4.21921E-2 3.86503E-2 3.51268E-2 3.16915E-2 2.83996E-2 2.72288E-2 2.63596E-2 2.52922E-2 2.40596E-2 2.52922E-2 2.71024E-2 2.88039E-2 3.03491E-2 3.16915E-2 3.27875E-2 3.35998E-2 3.40993E-2 3.42679E-2 3.40993E-2 3.35998E-2 3.27875E-2 3.16915E-2 3.03491E-2 2.88039E-2 2.71024E-2 2.52922E-2 2.34187E-2 2.15241E-2 1.973E-2 1.81934E-2 1.66621E-2 1.51619E-2 1.37136E-2 1.23336E-2 1.1034E-2 9.82272E-3 8.70436E-3 7.68046E-3 6.75016E-3
4.49165E-1 3.96149E-1 3.49787E-1 3.05177E-1 2.63756E-1 2.26233E-1 1.92852E-1 1.63563E-1 1.3814E-1 1.16264E-1 9.75696E-2 8.16841E-2 6.82478E-2 5.69261E-2 5.00654E-2 4.37705E-2 4.11089E-2 3.8454E-2 3.56553E-2 3.27875E-2 2.99176E-2 2.71024E-2 2.43882E-2 2.25968E-2 2.19067E-2 2.10573E-2 2.00736E-2 2.12425E-2 2.26975E-2 2.40596E-2 2.52922E-2 2.63596E-2 2.72288E-2 2.78716E-2 2.82665E-2 2.83996E-2 2.82665E-2 2.78716E-2 2.72288E-2 2.63596E-2 2.52922E-2 2.40596E-2 2.26975E-2 2.12425E-2 1.973E-2 1.81934E-2 1.66621E-2 1.53479E-2 1.41015E-2 1.28745E-2 1.16844E-2 1.05449E-2 9.46652E-3 8.45663E-3 7.5197E-3 6.65784E-3 5.87114E-3
4.82231E-1 4.27586E-1 3.74172E-1 3.24131E-1 2.7852E-1 2.37752E-1 2.01852E-1 1.70602E-1 1.43653E-1 1.20585E-1 1.00961E-1 8.43484E-2 7.03435E-2 5.85766E-2 4.87176E-2 4.0476E-2 3.44375E-2 3.23121E-2 3.00606E-2 2.77416E-2 2.54081E-2 2.31062E-2 2.08741E-2 1.87418E-2 1.81934E-2 1.75169E-2 1.67314E-2 1.78137E-2 1.8983E-2 2.00736E-2 2.10573E-2 2.19067E-2 2.25968E-2 2.31062E-2 2.34187E-2 2.3524E-2 2.34187E-2 2.31062E-2 2.25968E-2 2.19067E-2 2.10573E-2 2.00736E-2 1.8983E-2 1.78137E-2 1.65932E-2 1.53479E-2 1.41015E-2 1.29251E-2 1.19114E-2 1.09092E-2 9.93269E-3 8.99351E-3 8.10063E-3 7.26057E-3 6.47765E-3 5.75418E-3 5.09084E-3
5.1146E-1 4.49165E-1 3.9042E-1 3.36521E-1 2.88043E-1 2.4511E-1 2.07558E-1 1.7504E-1 1.47111E-1 1.23286E-1 1.03073E-1 8.60031E-2 7.16419E-2 5.95969E-2 4.95205E-2 4.11089E-2 3.40993E-2 2.82665E-2 2.52922E-2 2.34187E-2 2.15241E-2 1.96453E-2 1.78137E-2 1.60544E-2 1.51005E-2 1.45612E-2 1.39336E-2 1.49181E-2 1.58579E-2 1.67314E-2 1.75169E-2 1.81934E-2 1.87418E-2 1.9146E-2 1.93936E-2 1.94771E-2 1.93936E-2 1.9146E-2 1.87418E-2 1.81934E-2 1.75169E-2 1.67314E-2 1.58579E-2 1.49181E-2 1.39336E-2 1.29251E-2 1.19114E-2 1.09092E-2 1.00442E-2 9.22639E-3 8.42625E-3 7.65338E-3 6.91542E-3 6.21808E-3 5.56533E-3 4.95953E-3 4.40168E-3
5.22344E-1 4.56918E-1 3.96149E-1 3.4084E-1 2.91338E-1 2.47643E-1 2.09514E-1 1.76556E-1 1.4829E-1 1.24205E-1 1.0379E-1 8.65644E-2 7.20817E-2 5.99422E-2 4.9792E-2 4.13227E-2 3.42679E-2 2.83996E-2 2.3524E-2 1.973E-2 1.81934E-2 1.66621E-2 1.51619E-2 1.37136E-2 1.25271E-2 1.20968E-2 1.16844E-2 1.24783E-2 1.32337E-2 1.39336E-2 1.45612E-2 1.51005E-2 1.55368E-2 1.58579E-2 1.60544E-2 1.61206E-2 1.60544E-2 1.58579E-2 1.55368E-2 1.51005E-2 1.45612E-2 1.39336E-2 1.32337E-2 1.24783E-2 1.16844E-2 1.0868E-2 1.00442E-2 9.22639E-3 8.45663E-3 7.78991E-3 7.13501E-3 6.49986E-3 5.8909E-3 5.31308E-3 4.76995E-3 4.26379E-3 3.79579E-3
5.22344E-1 4.56918E-1 3.96149E-1 3.4084E-1 2.91338E-1 2.47643E-1 2.09514E-1 1.76556E-1 1.4829E-1 1.24205E-1 1.0379E-1 8.65644E-2 7.20817E-2 5.99422E-2 4.9792E-2 4.13227E-2 3.42679E-2 2.83996E-2 2.3524E-2 1.94771E-2 1.61206E-2 1.41015E-2 1.28745E-2 1.16844E-2 1.05449E-2 1.00442E-2 9.78638E-3 1.04267E-2 1.1034E-2 1.1595E-2 1.20968E-2 1.25271E-2 1.28745E-2 1.31299E-2 1.3286E-2 1.33386E-2 1.3286E-2 1.31299E-2 1.28745E-2 1.25271E-2 1.20968E-2 1.1595E-2 1.1034E-2 1.04267E-2 9.78638E-3 9.12571E-3 8.45663E-3 7.78991E-3 7.13501E-3 6.56701E-3 6.03147E-3 5.5101E-3 5.0083E-3 4.53028E-3 4.07917E-3 3.65711E-3 3.26531E-3
5.22344E-1 4.56918E-1 3.96149E-1 3.4084E-1 2.91338E-1 2.47643E-1 2.09514E-1 1.76556E-1 1.4829E-1 1.24205E-1 1.0379E-1 8.65644E-2 7.20817E-2 5.99422E-2 4.9792E-2 4.13227E-2 3.42679E-2 2.83996E-2 2.3524E-2 1.94771E-2 1.61206E-2 1.33386E-2 1.1034E-2 9.93269E-3 8.99351E-3 8.33592E-3 8.18792E-3 8.70436E-3 9.19268E-3 9.64265E-3 1.00442E-2 1.03877E-2 1.06647E-2 1.0868E-2 1.09922E-2 1.1034E-2 1.09922E-2 1.0868E-2 1.06647E-2 1.03877E-2 1.00442E-2 9.64265E-3 9.19268E-3 8.70436E-3 8.18792E-3 7.65338E-3 7.1102E-3 6.56701E-3 6.03147E-3 5.52844E-3 5.09084E-3 4.6633E-3 4.25029E-3 3.85538E-3 3.4813E-3 3.12999E-3 2.80263E-3
5.22344E-1 4.56918E-1 3.96149E-1 3.4084E-1 2.91338E-1 2.47643E-1 2.09514E-1 1.76556E-1 1.4829E-1 1.24205E-1 1.0379E-1 8.65644E-2 7.20817E-2 5.99422E-2 4.9792E-2 4.13227E-2 3.42679E-2 2.83996E-2 2.3524E-2 1.94771E-2 1.61206E-2 1.33386E-2 1.1034E-2 9.12571E-3 7.65338E-3 6.91542E-3 6.84401E-3 7.26057E-3 7.65338E-3 8.01445E-3 8.33592E-3 8.61045E-3 8.83148E-3 8.99351E-3 9.09244E-3 9.12571E-3 9.09244E-3 8.99351E-3 8.83148E-3 8.61045E-3 8.33592E-3 8.01445E-3 7.65338E-3 7.26057E-3 6.84401E-3 6.41157E-3 5.97074E-3 5.52844E-3 5.09084E-3 4.6633E-3 4.29096E-3 3.94066E-3 3.60108E-3 3.27524E-3 2.96548E-3 2.67351E-3 2.40048E-3
5.1146E-1 4.49165E-1 3.9042E-1 3.36521E-1 2.88043E-1 2.4511E-1 2.07558E-1 1.7504E-1 1.47111E-1 1.23286E-1 1.03073E-1 8.60031E-2 7.16419E-2 5.95969E-2 4.95205E-2 4.11089E-2 3.40993E-2 2.82665E-2 2.34187E-2 1.93936E-2 1.60544E-2 1.3286E-2 1.09922E-2 9.09244E-3 7.5197E-3 6.21808E-3 5.71582E-3 6.05187E-3 6.36797E-3 6.65784E-3 6.91542E-3 7.13501E-3 7.31154E-3 7.44082E-3 7.5197E-3 7.54621E-3 7.5197E-3 7.44082E-3 7.31154E-3 7.13501E-3 6.91542E-3 6.65784E-3 6.36797E-3 6.05187E-3 5.71582E-3 5.36598E-3 5.0083E-3 4.6483E-3 4.29096E-3 3.94066E-3 3.6122E-3 3.32539E-3 3.04644E-3 2.77788E-3 2.5217E-3 2.27941E-3 2.05204E-3
4.82231E-1 4.27586E-1 3.74172E-1 3.24131E-1 2.7852E-1 2.37752E-1 2.01852E-1 1.70602E-1 1.43653E-1 1.20585E-1 1.00961E-1 8.43484E-2 7.03435E-2 5.85766E-2 4.87176E-2 4.0476E-2 3.35998E-2 2.78716E-2 2.31062E-2 1.9146E-2 1.58579E-2 1.31299E-2 1.0868E-2 8.99351E-3 7.44082E-3 6.15513E-3 5.09084E-3 5.04112E-3 5.29558E-3 5.52844E-3 5.73496E-3 5.91074E-3 6.05187E-3 6.15513E-3 6.21808E-3 6.23924E-3 6.21808E-3 6.15513E-3 6.05187E-3 5.91074E-3 5.73496E-3 5.52844E-3 5.29558E-3 5.04112E-3 4.76995E-3 4.48693E-3 4.19675E-3 3.90384E-3 3.6122E-3 3.32539E-3 3.04644E-3 2.80263E-3 2.57367E-3 2.35253E-3 2.14091E-3 1.94009E-3 1.75102E-3
4.41706E-1 3.96149E-1 3.49787E-1 3.05177E-1 2.63756E-1 2.26233E-1 1.92852E-1 1.63563E-1 1.3814E-1 1.16264E-1 9.75696E-2 8.16841E-2 6.82478E-2 5.69261E-2 4.74161E-2 3.94485E-2 3.27875E-2 2.72288E-2 2.25968E-2 1.87418E-2 1.55368E-2 1.28745E-2 1.06647E-2 8.83148E-3 7.31154E-3 6.05187E-3 5.0083E-3 4.19675E-3 4.40168E-3 4.58884E-3 4.75454E-3 4.89536E-3 5.0083E-3 5.09084E-3 5.14114E-3 5.15804E-3 5.14114E-3 5.09084E-3 5.0083E-3 4.89536E-3 4.75454E-3 4.58884E-3 4.40168E-3 4.19675E-3 3.97788E-3 3.74889E-3 3.5135E-3 3.27524E-3 3.03732E-3 2.80263E-3 2.57367E-3 2.35931E-3 2.1715E-3 1.98957E-3 1.81492E-3 1.64868E-3 1.49165E-3
