test/fixture/envlayer/SuwonWater.asc
ncols         567
nrows         515
xllcorner     947975
yllcorner     1913749
cellsize      30
NODATA_value  -9999
[rows 90 to 119 of 515, columns 264 to 329 of 567]
829.759 849.5881 870 885.8894 872.0665 859.0693 846.9357 835.7033 825.409 816.0883 807.7747 800.4998 780.5767 750.5997 720.6248 690.6519 660.6815 630.7139 600.7495 570.7889 540.8327 510.8816 480.9366 450.9989 421.0701 391.1521 361.2478 331.3608 301.4963 271.6616 241.8677 212.132 182.4829 152.9706 123.6932 94.86833 67.08204 42.42641 30 0 30 60 90 120 150 169.7056 150 123.6932 94.86833 67.08204 42.42641 30 0 30 42.42641 67.08204 84.85281 108.1665 127.2792 150 169.7056 192.0937 216.3331 241.8677 268.3282 295.4657
807.2175 827.5869 848.5281 859.593 845.3401 831.9255 819.39 807.7747 797.1198 787.4643 778.8453 771.2976 764.8529 750 720 690 660 630 600 570 540 510 480 450 420 390 360 330 300 270 240 210 180 150 120 90 60 30 0 30 42.42641 67.08204 94.86833 123.6932 152.9706 150 127.2792 108.1665 84.85281 60 30 0 30 42.42641 67.08204 84.85281 108.1665 127.2792 150 169.7056 192.0937 212.132 234.3075 258.0698 283.0194 308.8689
785.1751 806.1017 827.5869 833.5466 818.8406 804.9845 792.0227 780 768.9603 758.9467 750 742.159 735.459 729.9315 720 690 660 630 600 570 540 510 480 450 420 390 360 330 300 270 240 210 180 150 120 90 60 30 0 30 60 84.85281 108.1665 134.1641 161.5549 134.1641 108.1665 84.85281 67.08204 42.42641 30 0 30 60 84.85281 108.1665 127.2792 150 169.7056 192.0937 212.132 234.3075 254.5584 276.5863 300 324.4996
763.6754 785.1751 807.2175 807.7747 792.5907 778.2673 764.8529 752.3962 740.9453 730.5477 721.2489 713.0919 706.1161 700.3571 695.8448 690 660 630 600 570 540 510 480 450 420 390 360 330 300 270 240 210 180 150 120 90 60 30 0 30 42.42641 67.08204 94.86833 123.6932 150 123.6932 94.86833 67.08204 42.42641 30 0 30 42.42641 67.08204 94.86833 123.6932 150 169.7056 192.0937 212.132 234.3075 254.5584 276.5863 296.9849 318.9044 342.0526
742.7651 764.8529 787.4643 782.3043 766.616 751.7979 737.9024 724.9828 713.0919 702.282 692.6038 684.1052 676.8309 670.8204 666.1081 662.7217 660.6815 630.7139 600.7495 570.7889 540.8327 510.8816 480.9366 450.9989 421.0701 391.1521 361.2478 331.3608 301.4963 271.6616 241.8677 212.132 182.4829 152.9706 123.6932 94.86833 67.08204 42.42641 30 0 30 60 90 120 123.6932 108.1665 84.85281 60 30 0 30 42.42641 67.08204 84.85281 108.1665 134.1641 161.5549 189.7367 212.132 234.3075 254.5584 276.5863 296.9849 318.9044 339.4113 361.2478
722.4957 745.1846 768.3749 757.1658 740.9453 725.6032 711.1962 697.7822 685.4196 674.1661 664.0783 655.2099 647.611 641.3267 636.3961 632.8507 630.7139 630 600 570 540 510 480 450 420 390 360 330 300 270 240 210 180 150 120 90 60 30 0 30 42.42641 67.08204 94.86833 108.1665 94.86833 84.85281 67.08204 42.42641 30 0 30 60 84.85281 108.1665 127.2792 150 174.9286 201.2461 228.4732 254.5584 276.5863 296.9849 318.9044 339.4113 361.2478 381.8377
702.9225 726.2231 750 732.3933 715.6116 699.7142 684.7628 670.8204 657.9514 646.2198 635.6886 626.4184 618.4658 611.8823 606.7125 602.9926 600.7495 600 595.483 570.7889 540.8327 510.8816 480.9366 450.9989 421.0701 391.1521 361.2478 331.3608 301.4963 271.6616 241.8677 212.132 182.4829 152.9706 123.6932 94.86833 67.08204 42.42641 30 0 30 60 90 84.85281 67.08204 60 42.42641 30 0 30 42.42641 67.08204 94.86833 123.6932 150 169.7056 192.0937 216.3331 241.8677 268.3282 295.4657 318.9044 339.4113 361.2478 381.8377 403.6087
684.1052 708.0255 726.2231 708.0255 690.6519 674.1661 658.6349 644.1273 630.7139 618.4658 607.4537 597.7458 589.4065 582.4946 577.0615 573.1492 570.7889 570 570.7889 553.1727 534.1348 513.5173 483.7355 453.9824 424.2641 394.5884 364.9658 335.4102 305.9412 276.5863 247.3863 218.4033 189.7367 161.5549 134.1641 108.1665 84.85281 60 30 0 30 60 60 60 42.42641 30 30 0 30 42.42641 67.08204 84.85281 108.1665 134.1641 161.5549 189.7367 212.132 234.3075 258.0698 283.0194 308.8689 335.4102 361.2478 381.8377 403.6087 424.2641
666.1081 690.6519 702.9225 684.1052 666.1081 648.9992 632.8507 617.7378 603.7383 590.9315 579.3962 569.21 560.4462 553.1727 547.4486 543.3231 540.8327 540 540.8327 530.7542 510.8816 492.0366 474.3416 445.9821 417.8517 390 362.4914 335.4102 308.8689 283.0194 256.3201 228.4732 201.2461 174.9286 150 120 90 60 30 0 30 42.42641 30 30 30 0 30 30 42.42641 67.08204 84.85281 108.1665 127.2792 150 174.9286 201.2461 228.4732 254.5584 276.5863 300 324.4996 349.8571 375.8989 402.4922 424.2641 445.9821
648.9992 674.1661 680.147 660.6815 642.028 624.2596 607.4537 591.6925 577.0615 563.6488 551.5433 540.8327 531.6014 523.9275 517.8803 513.5173 510.8816 510 510.8816 509.1169 488.3646 468.615 450 432.6662 408.0441 379.4733 351.141 323.1099 295.4657 268.3282 241.8677 216.3331 192.0937 169.7056 150 120 90 60 30 0 30 30 0 0 30 30 42.42641 60 67.08204 84.85281 108.1665 127.2792 150 169.7056 192.0937 216.3331 241.8677 268.3282 295.4657 318.9044 342.0526 366.1967 391.1521 416.7733 442.9447 466.6905
632.8507 658.6349 657.9514 637.8088 618.4658 600 582.4946 566.0389 550.7268 536.6563 523.9275 512.6402 502.8916 494.7727 488.3646 483.7355 480.9366 480 480.9366 483.7355 466.6905 445.9821 426.3801 408.0441 391.1521 371.0795 342.0526 313.2092 284.605 256.3201 228.4732 201.2461 174.9286 150 127.2792 108.1665 84.85281 67.08204 42.42641 30 0 0 30 30 42.42641 60 67.08204 84.85281 94.86833 108.1665 127.2792 150 169.7056 192.0937 212.132 234.3075 258.0698 283.0194 308.8689 335.4102 361.2478 384.1875 408.0441 432.6662 457.9301 483.7355
617.7378 644.1273 636.3961 615.5485 595.483 576.2812 558.0323 540.8327 524.7856 510 496.5883 484.6648 474.3416 465.7253 458.9117 453.9824 450.9989 450 450.9989 453.9824 445.9821 424.2641 403.6087 384.1875 366.1967 349.8571 335.4102 305.9412 276.5863 247.3863 218.4033 189.7367 161.5549 134.1641 108.1665 84.85281 67.08204 42.42641 30 0 0 30 42.42641 60 67.08204 84.85281 94.86833 108.1665 123.6932 134.1641 150 169.7056 192.0937 212.132 234.3075 254.5584 276.5863 300 324.4996 349.8571 375.8989 402.4922 426.3801 450 474.3416 496.5883
603.7383 630.7139 615.5485 593.9697 573.1492 553.1727 534.1348 516.1395 499.2995 483.7355 469.5743 456.9464 445.9821 436.8066 429.5346 424.2641 421.0701 420 421.0701 424.2641 426.3801 403.6087 381.8377 361.2478 342.0526 324.4996 308.8689 295.4657 271.6616 241.8677 212.132 182.4829 152.9706 123.6932 94.86833 67.08204 42.42641 30 0 30 30 42.42641 67.08204 84.85281 94.86833 108.1665 123.6932 134.1641 150 161.5549 174.9286 192.0937 212.132 234.3075 254.5584 276.5863 296.9849 318.9044 342.0526 366.1967 391.1521 416.7733 436.8066 445.9821 456.9464 469.5743
590.9315 615.5485 593.9697 573.1492 551.5433 530.7542 510.8816 492.0366 474.3416 457.9301 442.9447 429.5346 417.8517 408.0441 400.2499 394.5884 391.1521 390 391.1521 394.5884 400.2499 384.1875 361.2478 339.4113 318.9044 300 283.0194 268.3282 256.3201 240 210 180 150 120 90 60 30 0 30 42.42641 60 67.08204 84.85281 108.1665 123.6932 134.1641 150 161.5549 174.9286 189.7367 201.2461 216.3331 234.3075 254.5584 276.5863 296.9849 318.9044 339.4113 361.2478 384.1875 394.5884 400.2499 408.0441 417.8517 429.5346 442.9447
579.3962 595.483 573.1492 551.5433 530.7542 509.1169 488.3646 468.615 450 432.6662 416.7733 402.4922 390 379.4733 371.0795 364.9658 361.2478 360 361.2478 364.9658 371.0795 366.1967 342.0526 318.9044 296.9849 276.5863 258.0698 241.8677 228.4732 218.4033 210 180 150 120 90 60 30 0 30 60 84.85281 94.86833 108.1665 127.2792 150 161.5549 174.9286 189.7367 201.2461 216.3331 228.4732 241.8677 258.0698 276.5863 296.9849 318.9044 339.4113 361.2478 360 361.2478 364.9658 371.0795 379.4733 390 402.4922 416.7733
569.21 576.2812 553.1727 530.7542 509.1169 488.3646 466.6905 445.9821 426.3801 408.0441 391.1521 375.8989 362.4914 351.141 342.0526 335.4102 331.3608 330 331.3608 335.4102 342.0526 349.8571 324.4996 300 276.5863 254.5584 234.3075 216.3331 201.2461 189.7367 182.4829 180 150 120 90 60 30 0 30 60 90 120 134.1641 150 169.7056 189.7367 201.2461 216.3331 228.4732 241.8677 256.3201 268.3282 283.0194 300 318.9044 339.4113 335.4102 331.3608 330 331.3608 335.4102 342.0526 351.141 362.4914 375.8989 391.1521
560.4462 558.0323 534.1348 510.8816 488.3646 466.6905 445.9821 424.2641 403.6087 384.1875 366.1967 349.8571 335.4102 323.1099 313.2092 305.9412 301.4963 300 301.4963 305.9412 313.2092 323.1099 308.8689 283.0194 258.0698 234.3075 212.132 192.0937 174.9286 161.5549 152.9706 150 150 120 90 60 30 0 30 60 90 120 150 174.9286 192.0937 212.132 228.4732 241.8677 256.3201 268.3282 283.0194 295.4657 308.8689 324.4996 323.1099 313.2092 305.9412 301.4963 300 301.4963 305.9412 313.2092 323.1099 335.4102 349.8571 366.1967
553.1727 540.8327 516.1395 492.0366 468.615 445.9821 424.2641 403.6087 381.8377 361.2478 342.0526 324.4996 308.8689 295.4657 284.605 276.5863 271.6616 270 271.6616 276.5863 284.605 295.4657 295.4657 268.3282 241.8677 216.3331 192.0937 169.7056 150 134.1641 123.6932 120 123.6932 120 90 60 30 0 30 60 90 120 150 180 210 234.3075 254.5584 268.3282 283.0194 295.4657 308.8689 323.1099 324.4996 308.8689 295.4657 284.605 276.5863 271.6616 270 271.6616 276.5863 284.605 295.4657 308.8689 324.4996 342.0526
547.4486 524.7856 499.2995 474.3416 450 426.3801 403.6087 381.8377 361.2478 339.4113 318.9044 300 283.0194 268.3282 256.3201 247.3863 241.8677 240 241.8677 247.3863 256.3201 268.3282 283.0194 256.3201 228.4732 201.2461 174.9286 150 127.2792 108.1665 94.86833 90 94.86833 108.1665 90 60 30 0 30 60 90 120 150 180 210 240 270 295.4657 308.8689 323.1099 335.4102 318.9044 300 283.0194 268.3282 256.3201 247.3863 241.8677 240 241.8677 247.3863 256.3201 268.3282 283.0194 300 318.9044
536.6563 510 483.7355 457.9301 432.6662 408.0441 384.1875 361.2478 339.4113 318.9044 296.9849 276.5863 258.0698 241.8677 228.4732 218.4033 212.132 210 212.132 218.4033 228.4732 241.8677 258.0698 247.3863 218.4033 189.7367 161.5549 134.1641 108.1665 84.85281 67.08204 60 67.08204 84.85281 90 60 30 0 30 60 90 120 150 180 210 240 270 300 330 342.0526 318.9044 296.9849 276.5863 258.0698 241.8677 228.4732 218.4033 212.132 210 212.132 218.4033 228.4732 241.8677 258.0698 276.5863 296.9849
523.9275 496.5883 469.5743 442.9447 416.7733 391.1521 366.1967 342.0526 318.9044 296.9849 276.5863 254.5584 234.3075 216.3331 201.2461 189.7367 182.4829 180 182.4829 189.7367 201.2461 216.3331 234.3075 241.8677 212.132 182.4829 152.9706 123.6932 94.86833 67.08204 42.42641 30 42.42641 67.08204 90 60 30 0 30 60 90 120 150 180 210 240 270 300 330 324.4996 300 276.5863 254.5584 234.3075 216.3331 201.2461 189.7367 182.4829 180 182.4829 189.7367 201.2461 216.3331 234.3075 254.5584 276.5863
512.6402 484.6648 456.9464 429.5346 402.4922 375.8989 349.8571 324.4996 300 276.5863 254.5584 234.3075 212.132 192.0937 174.9286 161.5549 152.9706 150 152.9706 161.5549 174.9286 192.0937 212.132 234.3075 210 180 150 120 90 60 30 0 30 60 90 60 30 0 30 60 90 120 150 180 210 240 270 300 330 308.8689 283.0194 258.0698 234.3075 212.132 192.0937 174.9286 161.5549 152.9706 150 152.9706 161.5549 174.9286 192.0937 212.132 234.3075 258.0698
502.8916 474.3416 445.9821 417.8517 390 362.4914 335.4102 308.8689 283.0194 258.0698 234.3075 212.132 192.0937 169.7056 150 134.1641 123.6932 120 123.6932 134.1641 150 169.7056 192.0937 216.3331 212.132 182.4829 152.9706 123.6932 94.86833 67.08204 42.42641 30 42.42641 67.08204 90 60 30 0 30 60 90 120 150 180 210 240 270 300 323.1099 295.4657 268.3282 241.8677 216.3331 192.0937 169.7056 150 134.1641 123.6932 120 123.6932 134.1641 150 169.7056 192.0937 216.3331 241.8677
494.7727 465.7253 436.8066 408.0441 379.4733 351.141 323.1099 295.4657 268.3282 241.8677 216.3331 192.0937 169.7056 150 127.2792 108.1665 94.86833 90 94.86833 108.1665 127.2792 150 174.9286 201.2461 218.4033 189.7367 161.5549 134.1641 108.1665 84.85281 67.08204 60 67.08204 84.85281 84.85281 60 30 0 30 60 90 120 150 180 210 240 270 300 313.2092 284.605 256.3201 228.4732 201.2461 174.9286 150 127.2792 108.1665 94.86833 90 94.86833 108.1665 127.2792 150 174.9286 201.2461 228.4732
488.3646 458.9117 429.5346 400.2499 371.0795 342.0526 313.2092 284.605 256.3201 228.4732 201.2461 174.9286 150 127.2792 108.1665 84.85281 67.08204 60 67.08204 84.85281 108.1665 134.1641 161.5549 189.7367 218.4033 201.2461 174.9286 150 127.2792 108.1665 94.86833 90 94.86833 94.86833 67.08204 42.42641 30 0 30 60 90 120 150 180 210 240 270 300 305.9412 276.5863 247.3863 218.4033 189.7367 161.5549 134.1641 108.1665 84.85281 67.08204 60 67.08204 84.85281 108.1665 134.1641 161.5549 189.7367 218.4033
483.7355 453.9824 424.2641 394.5884 364.9658 335.4102 305.9412 276.5863 247.3863 218.4033 189.7367 161.5549 134.1641 108.1665 84.85281 67.08204 42.42641 30 42.42641 67.08204 94.86833 123.6932 152.9706 182.4829 212.132 216.3331 192.0937 169.7056 150 134.1641 123.6932 120 120 90 60 30 0 30 42.42641 67.08204 94.86833 123.6932 152.9706 182.4829 212.132 241.8677 271.6616 301.4963 301.4963 271.6616 241.8677 212.132 182.4829 152.9706 123.6932 94.86833 67.08204 42.42641 30 42.42641 67.08204 94.86833 123.6932 152.9706 182.4829 212.132
480.9366 450.9989 421.0701 391.1521 361.2478 331.3608 301.4963 271.6616 241.8677 212.132 182.4829 152.9706 123.6932 94.86833 67.08204 42.42641 30 0 30 60 90 120 150 174.9286 201.2461 228.4732 212.132 192.0937 174.9286 161.5549 152.9706 150 120 90 60 30 0 30 42.42641 67.08204 94.86833 123.6932 152.9706 182.4829 212.132 241.8677 271.6616 300 300 270 240 210 180 150 120 90 60 30 0 30 60 90 120 150 180 210
480 450 420 390 360 330 300 270 240 210 180 150 120 90 60 30 0 30 42.42641 67.08204 84.85281 108.1665 134.1641 161.5549 189.7367 201.2461 216.3331 216.3331 201.2461 189.7367 180 150 120 90 60 30 0 0 30 60 90 120 150 180 210 234.3075 258.0698 283.0194 301.4963 271.6616 241.8677 212.132 182.4829 152.9706 123.6932 94.86833 67.08204 42.42641 30 42.42641 67.08204 94.86833 123.6932 152.9706 182.4829 212.132
480.9366 450.9989 421.0701 391.1521 361.2478 331.3608 301.4963 271.6616 241.8677 212.132 182.4829 152.9706 123.6932 94.86833 67.08204 42.42641 30 0 30 42.42641 67.08204 94.86833 123.6932 150 161.5549 174.9286 192.0937 212.132 210 210 180 150 120 90 60 30 0 30 42.42641 67.08204 94.86833 123.6932 150 169.7056 192.0937 216.3331 241.8677 268.3282 295.4657 276.5863 247.3863 218.4033 189.7367 161.5549 134.1641 108.1665 84.85281 67.08204 60 67.08204 84.85281 108.1665 134.1641 161.5549 189.7367 218.4033
483.7355 453.9824 424.2641 394.5884 364.9658 335.4102 305.9412 276.5863 247.3863 218.4033 189.7367 161.5549 134.1641 108.1665 84.85281 67.08204 42.42641 30 0 30 60 84.85281 108.1665 123.6932 134.1641 150 169.7056 182.4829 180 182.4829 180 150 120 90 60 30 0 30 60 84.85281 94.86833 108.1665 127.2792 150 174.9286 201.2461 228.4732 256.3201 284.605 284.605 256.3201 228.4732 201.2461 174.9286 150 127.2792 108.1665 94.86833 90 94.86833 108.1665 127.2792 150 174.9286 201.2461 228.4732
