test/fixture/envlayer/SuwonWater.asc
ncols         567
nrows         515
xllcorner     947975
yllcorner     1913749
cellsize      30
NODATA_value  -9999
[rows 480 to 509 of 515, columns 264 to 329 of 567]
123.6932 134.1641 150 150 150 150 152.9706 161.5549 174.9286 180 182.4829 189.7367 201.2461 212.132 218.4033 228.4732 241.8677 258.0698 276.5863 296.9849 318.9044 335.4102 349.8571 366.1967 384.1875 403.6087 424.2641 445.9821 453.9824 450 426.3801 403.6087 381.8377 361.2478 339.4113 318.9044 296.9849 276.5863 254.5584 234.3075 212.132 189.7367 161.5549 134.1641 108.1665 84.85281 60 30 0 30 30 0 30 42.42641 67.08204 94.86833 94.86833 67.08204 42.42641 30 0 30 30 0 0 30
94.86833 108.1665 123.6932 120 120 120 123.6932 134.1641 150 150 152.9706 161.5549 174.9286 182.4829 189.7367 201.2461 216.3331 234.3075 254.5584 276.5863 295.4657 308.8689 324.4996 342.0526 361.2478 381.8377 403.6087 421.0701 424.2641 429.5346 436.8066 424.2641 403.6087 381.8377 361.2478 339.4113 318.9044 296.9849 276.5863 254.5584 228.4732 201.2461 174.9286 150 120 90 60 30 0 30 30 0 0 30 60 90 84.85281 67.08204 60 30 0 30 42.42641 30 30 42.42641
67.08204 84.85281 94.86833 90 90 90 94.86833 108.1665 120 120 123.6932 134.1641 150 152.9706 161.5549 174.9286 192.0937 212.132 234.3075 254.5584 268.3282 283.0194 300 318.9044 339.4113 361.2478 381.8377 391.1521 394.5884 400.2499 408.0441 417.8517 424.2641 403.6087 381.8377 361.2478 339.4113 318.9044 295.4657 268.3282 240 210 180 150 120 90 60 30 0 30 42.42641 30 0 30 60 84.85281 67.08204 42.42641 30 30 0 0 30 60 60 67.08204
42.42641 67.08204 67.08204 60 60 60 67.08204 84.85281 90 90 94.86833 108.1665 120 123.6932 134.1641 150 169.7056 192.0937 212.132 228.4732 241.8677 258.0698 276.5863 296.9849 318.9044 339.4113 360 361.2478 364.9658 371.0795 379.4733 390 394.5884 391.1521 390 379.4733 351.141 323.1099 295.4657 268.3282 240 210 180 150 120 90 60 30 0 30 60 30 0 30 42.42641 67.08204 60 30 0 0 0 0 30 60 90 94.86833
30 42.42641 42.42641 30 30 30 42.42641 60 60 60 67.08204 84.85281 90 94.86833 108.1665 127.2792 150 169.7056 189.7367 201.2461 216.3331 234.3075 254.5584 276.5863 296.9849 318.9044 330 331.3608 335.4102 342.0526 351.141 361.2478 364.9658 361.2478 360 360 342.0526 313.2092 284.605 256.3201 228.4732 201.2461 174.9286 150 120 90 60 30 0 30 42.42641 42.42641 30 0 30 60 60 30 0 0 30 30 42.42641 67.08204 94.86833 123.6932
0 30 30 0 0 0 30 30 30 30 42.42641 60 60 67.08204 84.85281 108.1665 127.2792 150 161.5549 174.9286 192.0937 212.132 234.3075 254.5584 276.5863 296.9849 300 301.4963 305.9412 313.2092 323.1099 331.3608 335.4102 331.3608 330 330 330 305.9412 276.5863 247.3863 218.4033 189.7367 161.5549 134.1641 108.1665 84.85281 67.08204 42.42641 30 0 30 60 30 0 30 42.42641 60 30 0 0 30 42.42641 67.08204 84.85281 108.1665 134.1641
0 0 30 0 0 0 0 0 0 0 30 30 30 42.42641 67.08204 84.85281 108.1665 123.6932 134.1641 150 169.7056 192.0937 212.132 234.3075 254.5584 270 270 271.6616 276.5863 284.605 295.4657 301.4963 305.9412 301.4963 300 300 300 300 271.6616 241.8677 212.132 182.4829 152.9706 123.6932 94.86833 67.08204 42.42641 30 0 30 42.42641 60 30 0 0 30 60 30 0 0 0 30 60 90 120 150
30 30 42.42641 30 30 30 0 0 0 0 30 0 0 30 42.42641 67.08204 84.85281 94.86833 108.1665 127.2792 150 169.7056 192.0937 212.132 234.3075 240 240 241.8677 247.3863 256.3201 268.3282 271.6616 276.5863 271.6616 270 270 270 270 270 240 210 180 150 120 90 60 30 0 30 42.42641 67.08204 67.08204 42.42641 30 0 30 60 42.42641 30 0 0 30 60 84.85281 108.1665 134.1641
60 60 67.08204 60 60 42.42641 30 30 30 30 30 0 0 0 30 42.42641 60 67.08204 84.85281 108.1665 127.2792 150 169.7056 192.0937 210 210 210 212.132 218.4033 228.4732 240 241.8677 247.3863 241.8677 240 240 240 240 241.8677 240 210 180 150 120 90 60 30 0 30 60 84.85281 84.85281 60 30 0 30 42.42641 60 30 0 0 30 42.42641 67.08204 94.86833 123.6932
90 90 94.86833 90 84.85281 67.08204 60 60 60 60 30 0 0 0 0 30 30 42.42641 67.08204 84.85281 108.1665 127.2792 150 174.9286 180 180 180 182.4829 189.7367 201.2461 210 212.132 218.4033 212.132 210 210 210 210 212.132 218.4033 210 180 150 120 90 60 30 0 30 42.42641 67.08204 94.86833 67.08204 42.42641 30 0 30 60 42.42641 30 0 0 30 60 90 120
120 120 123.6932 120 108.1665 94.86833 90 90 90 67.08204 42.42641 30 30 0 0 0 0 30 42.42641 67.08204 84.85281 108.1665 134.1641 150 150 150 150 152.9706 161.5549 174.9286 180 182.4829 189.7367 182.4829 180 180 180 180 182.4829 189.7367 201.2461 180 150 120 90 60 30 0 0 30 60 90 84.85281 60 30 0 30 42.42641 60 30 0 0 30 60 84.85281 108.1665
150 150 152.9706 150 134.1641 123.6932 120 120 108.1665 84.85281 67.08204 60 30 0 0 0 0 0 30 42.42641 67.08204 94.86833 120 120 120 120 120 123.6932 134.1641 150 150 152.9706 161.5549 152.9706 150 150 150 150 152.9706 161.5549 174.9286 182.4829 152.9706 123.6932 94.86833 67.08204 42.42641 30 0 30 60 84.85281 90 60 30 0 0 30 60 30 0 0 30 42.42641 67.08204 94.86833
180 180 182.4829 174.9286 161.5549 152.9706 150 150 127.2792 108.1665 90 60 30 0 0 0 0 0 0 30 60 90 90 90 90 90 90 94.86833 108.1665 120 120 123.6932 134.1641 123.6932 120 120 120 120 123.6932 134.1641 150 161.5549 161.5549 134.1641 108.1665 84.85281 60 30 0 30 42.42641 67.08204 94.86833 67.08204 42.42641 30 0 30 60 42.42641 30 0 0 30 60 90
210 210 212.132 201.2461 189.7367 182.4829 180 169.7056 150 123.6932 94.86833 67.08204 42.42641 30 30 0 30 30 30 42.42641 60 60 60 60 60 60 60 67.08204 84.85281 90 90 94.86833 108.1665 94.86833 90 90 90 90 94.86833 108.1665 123.6932 134.1641 150 150 120 90 60 30 0 0 30 60 90 84.85281 60 30 0 30 42.42641 60 30 0 0 30 60 90
240 240 241.8677 228.4732 218.4033 212.132 210 189.7367 161.5549 134.1641 108.1665 84.85281 67.08204 60 42.42641 30 0 30 42.42641 30 30 30 30 30 30 30 30 42.42641 60 60 60 67.08204 84.85281 67.08204 60 60 60 60 67.08204 84.85281 94.86833 108.1665 120 120 120 90 60 30 0 0 30 60 84.85281 90 60 30 0 0 30 42.42641 30 0 0 30 60 90
270 270 268.3282 256.3201 247.3863 241.8677 228.4732 201.2461 174.9286 150 127.2792 108.1665 94.86833 84.85281 67.08204 42.42641 30 42.42641 30 0 0 0 0 0 0 0 0 30 30 30 30 42.42641 67.08204 42.42641 30 30 30 30 42.42641 60 67.08204 84.85281 90 90 90 90 67.08204 42.42641 30 0 30 42.42641 67.08204 84.85281 67.08204 42.42641 30 0 30 30 0 30 30 42.42641 67.08204 94.86833
300 300 295.4657 284.605 276.5863 268.3282 241.8677 216.3331 192.0937 169.7056 150 134.1641 123.6932 108.1665 84.85281 67.08204 60 67.08204 42.42641 30 30 30 0 0 0 0 0 0 0 0 0 30 60 30 0 0 0 0 30 30 42.42641 60 60 60 60 60 67.08204 60 30 0 0 30 42.42641 67.08204 84.85281 60 30 0 0 0 0 30 60 67.08204 84.85281 108.1665
330 330 323.1099 313.2092 305.9412 283.0194 258.0698 234.3075 212.132 192.0937 174.9286 161.5549 150 127.2792 108.1665 94.86833 90 84.85281 67.08204 60 60 42.42641 30 30 30 30 30 30 30 30 30 42.42641 67.08204 42.42641 30 0 0 0 0 0 30 30 30 30 30 30 42.42641 67.08204 42.42641 30 0 0 30 42.42641 67.08204 67.08204 42.42641 30 0 0 0 30 60 90 108.1665 127.2792
360 360 351.141 342.0526 324.4996 300 276.5863 254.5584 234.3075 216.3331 201.2461 189.7367 169.7056 150 134.1641 123.6932 120 108.1665 94.86833 90 84.85281 67.08204 60 60 60 60 60 60 60 60 60 67.08204 84.85281 67.08204 42.42641 30 30 30 0 0 0 0 0 0 0 0 30 42.42641 30 0 0 0 0 30 60 84.85281 60 30 0 0 0 30 60 90 120 150
390 390 379.4733 366.1967 342.0526 318.9044 296.9849 276.5863 258.0698 241.8677 228.4732 212.132 192.0937 174.9286 161.5549 152.9706 150 134.1641 123.6932 120 108.1665 94.86833 90 90 90 90 90 90 90 90 90 94.86833 108.1665 84.85281 67.08204 60 60 42.42641 30 30 30 30 30 30 30 30 42.42641 30 0 0 0 0 0 30 42.42641 67.08204 60 30 0 0 30 42.42641 67.08204 94.86833 123.6932 152.9706
420 417.8517 408.0441 384.1875 361.2478 339.4113 318.9044 300 283.0194 268.3282 254.5584 234.3075 216.3331 201.2461 189.7367 182.4829 174.9286 161.5549 152.9706 150 134.1641 123.6932 120 120 120 120 120 120 120 120 120 123.6932 127.2792 108.1665 94.86833 90 84.85281 67.08204 60 60 60 60 60 60 60 60 67.08204 42.42641 30 30 30 0 0 0 30 42.42641 60 30 0 0 30 60 84.85281 108.1665 134.1641 161.5549
450 445.9821 426.3801 403.6087 381.8377 361.2478 342.0526 324.4996 308.8689 295.4657 276.5863 258.0698 241.8677 228.4732 218.4033 212.132 201.2461 189.7367 182.4829 174.9286 161.5549 152.9706 150 150 150 150 150 150 150 150 150 152.9706 150 134.1641 123.6932 120 108.1665 94.86833 90 90 90 90 90 90 90 90 84.85281 67.08204 60 60 42.42641 30 30 30 0 30 42.42641 30 0 30 42.42641 67.08204 94.86833 123.6932 150 174.9286
480 468.615 445.9821 424.2641 403.6087 384.1875 366.1967 349.8571 335.4102 318.9044 300 283.0194 268.3282 256.3201 247.3863 241.8677 228.4732 218.4033 212.132 201.2461 189.7367 182.4829 180 180 180 180 180 180 180 180 180 182.4829 174.9286 161.5549 152.9706 150 134.1641 123.6932 120 120 120 120 120 120 120 120 108.1665 94.86833 90 84.85281 67.08204 60 60 42.42641 30 0 30 0 0 30 60 84.85281 108.1665 134.1641 161.5549 189.7367
510 488.3646 466.6905 445.9821 426.3801 408.0441 391.1521 375.8989 361.2478 342.0526 324.4996 308.8689 295.4657 284.605 276.5863 268.3282 256.3201 247.3863 241.8677 228.4732 218.4033 212.132 210 210 210 210 210 210 210 210 210 212.132 201.2461 189.7367 182.4829 174.9286 161.5549 152.9706 150 150 150 150 150 150 150 150 134.1641 123.6932 120 108.1665 94.86833 90 84.85281 67.08204 42.42641 30 0 30 30 42.42641 67.08204 94.86833 123.6932 150 174.9286 201.2461
530.7542 509.1169 488.3646 468.615 450 432.6662 416.7733 402.4922 384.1875 366.1967 349.8571 335.4102 323.1099 313.2092 305.9412 295.4657 284.605 276.5863 268.3282 256.3201 247.3863 241.8677 240 240 240 240 240 240 240 240 240 241.8677 228.4732 218.4033 212.132 201.2461 189.7367 182.4829 180 180 180 180 180 180 180 174.9286 161.5549 152.9706 150 134.1641 123.6932 120 108.1665 84.85281 67.08204 42.42641 30 42.42641 60 67.08204 84.85281 108.1665 134.1641 161.5549 189.7367 216.3331
551.5433 530.7542 510.8816 492.0366 474.3416 457.9301 442.9447 426.3801 408.0441 391.1521 375.8989 362.4914 351.141 342.0526 335.4102 323.1099 313.2092 305.9412 295.4657 284.605 276.5863 271.6616 270 270 270 270 270 270 270 270 270 268.3282 256.3201 247.3863 241.8677 228.4732 218.4033 212.132 210 210 210 210 210 210 210 201.2461 189.7367 182.4829 174.9286 161.5549 152.9706 150 127.2792 108.1665 84.85281 67.08204 60 67.08204 84.85281 94.86833 108.1665 127.2792 150 174.9286 201.2461 228.4732
573.1492 553.1727 534.1348 516.1395 499.2995 483.7355 468.615 450 432.6662 416.7733 402.4922 390 379.4733 371.0795 362.4914 351.141 342.0526 335.4102 323.1099 313.2092 305.9412 301.4963 300 300 300 300 300 300 300 300 300 295.4657 284.605 276.5863 268.3282 256.3201 247.3863 241.8677 240 240 240 240 240 240 240 228.4732 218.4033 212.132 201.2461 189.7367 182.4829 169.7056 150 127.2792 108.1665 94.86833 90 94.86833 108.1665 123.6932 134.1641 150 169.7056 192.0937 216.3331 241.8677
595.483 576.2812 558.0323 540.8327 524.7856 510 492.0366 474.3416 457.9301 442.9447 429.5346 417.8517 408.0441 400.2499 390 379.4733 371.0795 362.4914 351.141 342.0526 335.4102 331.3608 330 330 330 330 330 330 330 330 330 323.1099 313.2092 305.9412 295.4657 284.605 276.5863 271.6616 270 270 270 270 270 270 268.3282 256.3201 247.3863 241.8677 228.4732 218.4033 212.132 192.0937 169.7056 150 134.1641 123.6932 120 123.6932 134.1641 150 161.5549 174.9286 192.0937 212.132 234.3075 258.0698
618.4658 600 582.4946 566.0389 550.7268 534.1348 516.1395 499.2995 483.7355 469.5743 456.9464 445.9821 436.8066 429.5346 417.8517 408.0441 400.2499 390 379.4733 371.0795 364.9658 361.2478 360 360 360 360 360 360 360 360 360 351.141 342.0526 335.4102 323.1099 313.2092 305.9412 301.4963 300 300 300 300 300 300 295.4657 284.605 276.5863 268.3282 256.3201 247.3863 234.3075 212.132 192.0937 174.9286 161.5549 152.9706 150 152.9706 161.5549 174.9286 189.7367 201.2461 216.3331 234.3075 254.5584 276.5863
642.028 624.2596 607.4537 591.6925 576.2812 558.0323 540.8327 524.7856 510 496.5883 484.6648 474.3416 465.7253 456.9464 445.9821 436.8066 429.5346 417.8517 408.0441 400.2499 394.5884 391.1521 390 390 390 390 390 390 390 390 390 379.4733 371.0795 362.4914 351.141 342.0526 335.4102 331.3608 330 330 330 330 330 330 323.1099 313.2092 305.9412 295.4657 284.605 276.5863 254.5584 234.3075 216.3331 201.2461 189.7367 182.4829 180 182.4829 189.7367 201.2461 216.3331 228.4732 241.8677 258.0698 276.5863 296.9849
