test/fixture/envlayer/SuwonWater.asc
ncols         567
nrows         515
xllcorner     947975
yllcorner     1913749
cellsize      30
NODATA_value  -9999
[rows 330 to 359 of 515, columns 198 to 263 of 567]
300 283.0194 268.3282 256.3201 247.3863 241.8677 240 241.8677 247.3863 256.3201 240 210 180 150 120 90 60 30 0 30 42.42641 67.08204 94.86833 123.6932 150 174.9286 201.2461 228.4732 254.5584 276.5863 300 324.4996 349.8571 364.9658 335.4102 305.9412 276.5863 247.3863 218.4033 189.7367 161.5549 134.1641 108.1665 84.85281 67.08204 60 42.42641 30 0 30 60 90 120 150 180 210 240 270 300 330 360 390 420 450 480 510
324.4996 308.8689 295.4657 284.605 276.5863 271.6616 270 271.6616 276.5863 270 240 210 180 150 120 90 60 30 0 0 30 60 84.85281 108.1665 134.1641 161.5549 189.7367 212.132 234.3075 258.0698 283.0194 308.8689 335.4102 361.2478 331.3608 301.4963 271.6616 241.8677 212.132 182.4829 152.9706 123.6932 94.86833 67.08204 42.42641 30 30 0 30 42.42641 67.08204 94.86833 123.6932 152.9706 182.4829 212.132 241.8677 271.6616 301.4963 331.3608 361.2478 391.1521 421.0701 450.9989 480.9366 510.8816
349.8571 335.4102 323.1099 313.2092 305.9412 301.4963 300 301.4963 301.4963 271.6616 241.8677 212.132 182.4829 152.9706 123.6932 94.86833 67.08204 42.42641 30 0 30 42.42641 67.08204 94.86833 123.6932 150 169.7056 192.0937 216.3331 241.8677 268.3282 295.4657 323.1099 349.8571 330 300 270 240 210 180 150 120 90 60 30 0 30 30 42.42641 67.08204 84.85281 108.1665 134.1641 161.5549 189.7367 218.4033 247.3863 276.5863 305.9412 335.4102 364.9658 394.5884 424.2641 453.9824 483.7355 513.5173
375.8989 362.4914 351.141 342.0526 335.4102 331.3608 330 331.3608 305.9412 276.5863 247.3863 218.4033 189.7367 161.5549 134.1641 108.1665 84.85281 60 30 0 0 30 60 84.85281 108.1665 127.2792 150 174.9286 201.2461 228.4732 256.3201 283.0194 308.8689 335.4102 331.3608 301.4963 271.6616 241.8677 212.132 182.4829 152.9706 123.6932 94.86833 67.08204 42.42641 30 42.42641 60 67.08204 84.85281 108.1665 127.2792 150 174.9286 201.2461 228.4732 256.3201 284.605 313.2092 342.0526 371.0795 400.2499 429.5346 458.9117 488.3646 517.8803
402.4922 390 379.4733 371.0795 364.9658 361.2478 360 342.0526 313.2092 284.605 256.3201 228.4732 201.2461 174.9286 150 123.6932 94.86833 67.08204 42.42641 30 0 30 42.42641 67.08204 84.85281 108.1665 134.1641 161.5549 189.7367 216.3331 241.8677 268.3282 295.4657 323.1099 335.4102 305.9412 276.5863 247.3863 218.4033 189.7367 161.5549 134.1641 108.1665 84.85281 67.08204 60 67.08204 84.85281 94.86833 108.1665 127.2792 150 169.7056 192.0937 216.3331 241.8677 268.3282 295.4657 323.1099 351.141 379.4733 408.0441 436.8066 465.7253 494.7727 523.9275
408.0441 417.8517 408.0441 400.2499 394.5884 391.1521 379.4733 351.141 323.1099 295.4657 268.3282 241.8677 216.3331 189.7367 161.5549 134.1641 108.1665 84.85281 60 30 0 0 30 42.42641 67.08204 94.86833 123.6932 150 174.9286 201.2461 228.4732 256.3201 283.0194 308.8689 335.4102 313.2092 284.605 256.3201 228.4732 201.2461 174.9286 150 127.2792 108.1665 94.86833 90 94.86833 108.1665 123.6932 134.1641 150 169.7056 192.0937 212.132 234.3075 258.0698 283.0194 308.8689 335.4102 362.4914 390 417.8517 445.9821 474.3416 502.8916 531.6014
379.4733 390 402.4922 416.7733 424.2641 417.8517 390 362.4914 335.4102 308.8689 283.0194 256.3201 228.4732 201.2461 174.9286 150 123.6932 94.86833 67.08204 42.42641 30 0 0 30 60 84.85281 108.1665 134.1641 161.5549 189.7367 216.3331 241.8677 268.3282 295.4657 323.1099 323.1099 295.4657 268.3282 241.8677 216.3331 192.0937 169.7056 150 134.1641 123.6932 120 123.6932 134.1641 150 161.5549 174.9286 192.0937 212.132 234.3075 254.5584 276.5863 300 324.4996 349.8571 375.8989 402.4922 429.5346 456.9464 484.6648 512.6402 540.8327
351.141 362.4914 375.8989 391.1521 408.0441 426.3801 402.4922 375.8989 349.8571 323.1099 295.4657 268.3282 241.8677 216.3331 189.7367 161.5549 134.1641 108.1665 84.85281 67.08204 42.42641 30 0 30 42.42641 67.08204 94.86833 123.6932 150 174.9286 201.2461 228.4732 256.3201 283.0194 308.8689 335.4102 308.8689 283.0194 258.0698 234.3075 212.132 192.0937 174.9286 161.5549 152.9706 150 152.9706 161.5549 174.9286 189.7367 201.2461 216.3331 234.3075 254.5584 276.5863 296.9849 318.9044 342.0526 366.1967 391.1521 416.7733 442.9447 469.5743 496.5883 523.9275 551.5433
323.1099 335.4102 349.8571 366.1967 384.1875 403.6087 416.7733 390 362.4914 335.4102 308.8689 283.0194 256.3201 228.4732 201.2461 174.9286 150 127.2792 108.1665 84.85281 60 30 0 0 30 60 84.85281 108.1665 134.1641 161.5549 189.7367 216.3331 241.8677 268.3282 295.4657 323.1099 324.4996 300 276.5863 254.5584 234.3075 216.3331 201.2461 189.7367 182.4829 180 182.4829 189.7367 201.2461 216.3331 228.4732 241.8677 258.0698 276.5863 296.9849 318.9044 339.4113 361.2478 384.1875 408.0441 432.6662 457.9301 483.7355 510 536.6563 563.6488
295.4657 308.8689 324.4996 342.0526 361.2478 381.8377 403.6087 402.4922 375.8989 349.8571 323.1099 295.4657 268.3282 241.8677 216.3331 192.0937 169.7056 150 123.6932 94.86833 67.08204 42.42641 30 0 30 42.42641 67.08204 94.86833 123.6932 150 174.9286 201.2461 228.4732 256.3201 284.605 313.2092 342.0526 318.9044 296.9849 276.5863 258.0698 241.8677 228.4732 218.4033 212.132 210 212.132 218.4033 228.4732 241.8677 256.3201 268.3282 283.0194 300 318.9044 339.4113 361.2478 381.8377 403.6087 426.3801 450 474.3416 499.2995 524.7856 550.7268 577.0615
268.3282 283.0194 300 318.9044 339.4113 361.2478 384.1875 408.0441 390 362.4914 335.4102 308.8689 283.0194 258.0698 234.3075 212.132 189.7367 161.5549 134.1641 108.1665 84.85281 60 30 0 0 30 60 84.85281 108.1665 134.1641 161.5549 189.7367 218.4033 247.3863 276.5863 305.9412 335.4102 339.4113 318.9044 300 283.0194 268.3282 256.3201 247.3863 241.8677 240 241.8677 247.3863 256.3201 268.3282 283.0194 295.4657 308.8689 324.4996 342.0526 361.2478 381.8377 403.6087 424.2641 445.9821 468.615 492.0366 516.1395 540.8327 566.0389 591.6925
241.8677 258.0698 276.5863 296.9849 318.9044 342.0526 366.1967 391.1521 402.4922 375.8989 349.8571 324.4996 300 276.5863 254.5584 228.4732 201.2461 174.9286 150 123.6932 94.86833 67.08204 42.42641 30 0 30 42.42641 67.08204 94.86833 123.6932 152.9706 182.4829 212.132 241.8677 268.3282 295.4657 323.1099 351.141 342.0526 324.4996 308.8689 295.4657 284.605 276.5863 271.6616 270 271.6616 276.5863 284.605 295.4657 308.8689 323.1099 335.4102 349.8571 366.1967 384.1875 403.6087 424.2641 445.9821 466.6905 488.3646 510.8816 534.1348 558.0323 582.4946 607.4537
216.3331 234.3075 254.5584 276.5863 300 324.4996 349.8571 375.8989 402.4922 391.1521 366.1967 342.0526 318.9044 295.4657 268.3282 241.8677 216.3331 189.7367 161.5549 134.1641 108.1665 84.85281 60 30 0 0 30 60 90 120 150 174.9286 201.2461 228.4732 256.3201 284.605 313.2092 342.0526 366.1967 349.8571 335.4102 323.1099 313.2092 305.9412 301.4963 300 301.4963 305.9412 313.2092 323.1099 335.4102 349.8571 362.4914 375.8989 391.1521 408.0441 426.3801 445.9821 466.6905 488.3646 509.1169 530.7542 553.1727 576.2812 597.7458 607.4537
192.0937 212.132 234.3075 258.0698 283.0194 308.8689 335.4102 362.4914 390 408.0441 384.1875 361.2478 335.4102 308.8689 283.0194 256.3201 228.4732 201.2461 174.9286 150 123.6932 94.86833 67.08204 42.42641 30 0 30 60 84.85281 108.1665 134.1641 161.5549 189.7367 218.4033 247.3863 276.5863 305.9412 335.4102 364.9658 375.8989 362.4914 351.141 342.0526 335.4102 331.3608 330 331.3608 335.4102 342.0526 351.141 362.4914 375.8989 390 402.4922 416.7733 432.6662 450 468.615 488.3646 509.1169 530.7542 547.4486 553.1727 560.4462 569.21 579.3962
169.7056 192.0937 216.3331 241.8677 268.3282 295.4657 323.1099 351.141 379.4733 408.0441 402.4922 375.8989 349.8571 323.1099 295.4657 268.3282 241.8677 216.3331 189.7367 161.5549 134.1641 108.1665 84.85281 60 30 0 30 42.42641 67.08204 94.86833 123.6932 152.9706 182.4829 212.132 241.8677 271.6616 301.4963 331.3608 361.2478 391.1521 390 379.4733 371.0795 364.9658 361.2478 360 361.2478 364.9658 371.0795 379.4733 390 402.4922 416.7733 429.5346 442.9447 457.9301 474.3416 492.0366 510 510.8816 513.5173 517.8803 523.9275 531.6014 540.8327 551.5433
150 174.9286 201.2461 228.4732 256.3201 284.605 313.2092 342.0526 371.0795 400.2499 416.7733 390 362.4914 335.4102 308.8689 283.0194 256.3201 228.4732 201.2461 174.9286 150 123.6932 94.86833 67.08204 42.42641 30 0 30 60 90 120 150 180 210 240 270 300 330 360 390 417.8517 408.0441 400.2499 394.5884 391.1521 390 391.1521 394.5884 400.2499 408.0441 417.8517 429.5346 442.9447 456.9464 469.5743 483.7355 483.7355 480.9366 480 480.9366 483.7355 488.3646 494.7727 502.8916 512.6402 523.9275
134.1641 161.5549 189.7367 218.4033 247.3863 276.5863 305.9412 335.4102 364.9658 394.5884 424.2641 402.4922 375.8989 349.8571 323.1099 295.4657 268.3282 241.8677 216.3331 189.7367 161.5549 134.1641 108.1665 84.85281 60 30 0 30 60 90 120 150 180 210 240 270 300 330 360 390 420 436.8066 429.5346 424.2641 421.0701 420 421.0701 424.2641 429.5346 436.8066 445.9821 456.9464 469.5743 474.3416 465.7253 458.9117 453.9824 450.9989 450 450.9989 453.9824 458.9117 465.7253 474.3416 484.6648 496.5883
123.6932 152.9706 182.4829 212.132 241.8677 271.6616 301.4963 331.3608 361.2478 391.1521 408.0441 400.2499 390 362.4914 335.4102 308.8689 283.0194 256.3201 228.4732 201.2461 174.9286 150 120 90 60 30 0 30 60 90 120 150 180 210 240 270 300 330 360 390 420 450 458.9117 453.9824 450.9989 450 450.9989 453.9824 458.9117 465.7253 474.3416 469.5743 456.9464 445.9821 436.8066 429.5346 424.2641 421.0701 420 421.0701 424.2641 429.5346 436.8066 445.9821 456.9464 469.5743
120 150 180 210 240 270 300 330 360 390 379.4733 371.0795 364.9658 361.2478 349.8571 323.1099 295.4657 268.3282 240 210 180 150 120 90 60 30 0 30 60 90 120 150 180 210 240 270 300 330 360 390 420 450 480 483.7355 480.9366 480 480.9366 483.7355 488.3646 474.3416 457.9301 442.9447 429.5346 417.8517 408.0441 400.2499 394.5884 391.1521 390 391.1521 394.5884 400.2499 408.0441 417.8517 429.5346 442.9447
123.6932 152.9706 182.4829 212.132 241.8677 271.6616 301.4963 331.3608 361.2478 362.4914 351.141 342.0526 335.4102 331.3608 330 330 300 270 240 210 180 150 120 90 60 30 0 30 60 90 120 150 180 210 240 270 300 330 360 390 420 450 480 510 510.8816 510 509.1169 488.3646 468.615 450 432.6662 416.7733 402.4922 390 379.4733 371.0795 364.9658 361.2478 360 361.2478 364.9658 371.0795 379.4733 390 402.4922 416.7733
134.1641 161.5549 189.7367 218.4033 247.3863 276.5863 305.9412 335.4102 349.8571 335.4102 323.1099 313.2092 305.9412 301.4963 300 301.4963 300 270 240 210 180 150 120 90 60 30 0 30 60 90 120 150 180 210 240 270 300 330 360 390 420 450 480 510 530.7542 509.1169 488.3646 466.6905 445.9821 426.3801 408.0441 391.1521 375.8989 362.4914 351.141 342.0526 335.4102 331.3608 330 331.3608 335.4102 342.0526 351.141 362.4914 375.8989 391.1521
150 174.9286 201.2461 228.4732 256.3201 284.605 313.2092 342.0526 324.4996 308.8689 295.4657 284.605 276.5863 271.6616 270 271.6616 276.5863 270 240 210 180 150 120 90 60 30 0 30 60 90 120 150 180 210 240 270 300 330 360 390 420 450 480 510 509.1169 488.3646 466.6905 445.9821 424.2641 403.6087 384.1875 366.1967 349.8571 335.4102 323.1099 313.2092 305.9412 301.4963 300 301.4963 305.9412 313.2092 323.1099 335.4102 349.8571 366.1967
169.7056 192.0937 216.3331 241.8677 268.3282 295.4657 323.1099 318.9044 300 283.0194 268.3282 256.3201 247.3863 241.8677 240 241.8677 247.3863 256.3201 240 210 180 150 120 90 60 30 0 30 60 90 120 150 180 210 240 270 300 330 360 390 420 450 480 509.1169 488.3646 466.6905 445.9821 424.2641 403.6087 381.8377 361.2478 342.0526 324.4996 308.8689 295.4657 284.605 276.5863 271.6616 270 271.6616 276.5863 284.605 295.4657 308.8689 324.4996 342.0526
192.0937 212.132 234.3075 258.0698 283.0194 308.8689 318.9044 296.9849 276.5863 258.0698 241.8677 228.4732 218.4033 212.132 210 212.132 218.4033 228.4732 234.3075 210 180 150 120 90 60 30 0 30 60 90 120 150 180 210 240 270 300 330 360 390 420 450 480 488.3646 466.6905 445.9821 424.2641 403.6087 381.8377 361.2478 339.4113 318.9044 300 283.0194 268.3282 256.3201 247.3863 241.8677 240 241.8677 247.3863 256.3201 268.3282 283.0194 300 318.9044
216.3331 234.3075 254.5584 276.5863 300 324.4996 300 276.5863 254.5584 234.3075 216.3331 201.2461 189.7367 182.4829 180 182.4829 189.7367 201.2461 212.132 192.0937 174.9286 150 120 90 60 30 0 30 60 90 120 150 180 210 240 270 300 330 360 390 420 450 480 466.6905 445.9821 424.2641 403.6087 381.8377 361.2478 339.4113 318.9044 296.9849 276.5863 258.0698 241.8677 228.4732 218.4033 212.132 210 212.132 218.4033 228.4732 241.8677 258.0698 276.5863 296.9849
241.8677 258.0698 276.5863 296.9849 318.9044 308.8689 283.0194 258.0698 234.3075 212.132 192.0937 174.9286 161.5549 152.9706 150 152.9706 161.5549 174.9286 192.0937 169.7056 150 134.1641 120 90 60 30 0 30 60 90 120 150 180 210 240 270 300 330 360 390 420 450 466.6905 445.9821 424.2641 403.6087 381.8377 361.2478 339.4113 318.9044 296.9849 276.5863 254.5584 234.3075 216.3331 201.2461 189.7367 182.4829 180 182.4829 189.7367 201.2461 216.3331 234.3075 254.5584 276.5863
268.3282 283.0194 300 318.9044 323.1099 295.4657 268.3282 241.8677 216.3331 192.0937 169.7056 150 134.1641 123.6932 120 123.6932 134.1641 150 169.7056 150 127.2792 108.1665 94.86833 90 60 30 0 30 60 90 120 150 180 210 240 270 300 330 360 390 416.7733 442.9447 445.9821 424.2641 403.6087 381.8377 361.2478 339.4113 318.9044 296.9849 276.5863 254.5584 234.3075 212.132 192.0937 174.9286 161.5549 152.9706 150 152.9706 161.5549 174.9286 192.0937 212.132 234.3075 258.0698
295.4657 308.8689 324.4996 342.0526 313.2092 284.605 256.3201 228.4732 201.2461 174.9286 150 127.2792 108.1665 94.86833 90 94.86833 108.1665 127.2792 150 134.1641 108.1665 84.85281 67.08204 60 60 30 0 30 60 90 120 150 180 210 240 268.3282 295.4657 323.1099 349.8571 375.8989 402.4922 429.5346 424.2641 403.6087 381.8377 361.2478 339.4113 318.9044 296.9849 276.5863 254.5584 234.3075 212.132 192.0937 169.7056 150 134.1641 123.6932 120 123.6932 134.1641 150 169.7056 192.0937 216.3331 241.8677
323.1099 335.4102 349.8571 335.4102 305.9412 276.5863 247.3863 218.4033 189.7367 161.5549 134.1641 108.1665 84.85281 67.08204 60 67.08204 84.85281 108.1665 134.1641 123.6932 94.86833 67.08204 42.42641 30 42.42641 30 0 30 60 90 120 150 174.9286 201.2461 228.4732 256.3201 283.0194 308.8689 335.4102 362.4914 390 417.8517 403.6087 381.8377 361.2478 339.4113 318.9044 296.9849 276.5863 254.5584 234.3075 212.132 192.0937 169.7056 150 127.2792 108.1665 94.86833 90 94.86833 108.1665 127.2792 150 174.9286 201.2461 228.4732
351.141 362.4914 361.2478 331.3608 301.4963 271.6616 241.8677 212.132 182.4829 152.9706 123.6932 94.86833 67.08204 42.42641 30 42.42641 67.08204 94.86833 123.6932 120 90 60 30 0 30 30 0 30 60 84.85281 108.1665 134.1641 161.5549 189.7367 216.3331 241.8677 268.3282 295.4657 323.1099 351.141 379.4733 403.6087 381.8377 361.2478 339.4113 318.9044 296.9849 276.5863 254.5584 234.3075 212.132 192.0937 169.7056 150 127.2792 108.1665 84.85281 67.08204 60 67.08204 84.85281 108.1665 134.1641 161.5549 189.7367 218.4033
