test/fixture/envlayer/SuwonWater.asc
ncols         567
nrows         515
xllcorner     947975
yllcorner     1913749
cellsize      30
NODATA_value  -9999
[rows 390 to 419 of 515, columns 330 to 395 of 567]
882.3265 891.9641 902.4965 912.4144 885.8894 859.593 833.5466 807.7747 782.3043 757.1658 732.3933 708.0255 684.1052 660.6815 637.8088 615.5485 593.9697 573.1492 553.1727 534.1348 516.1395 499.2995 483.7355 469.5743 456.9464 445.9821 436.8066 429.5346 424.2641 421.0701 420 421.0701 424.2641 429.5346 436.8066 424.2641 403.6087 384.1875 366.1967 349.8571 335.4102 323.1099 313.2092 305.9412 301.4963 300 301.4963 305.9412 313.2092 300 283.0194 258.0698 234.3075 212.132 192.0937 169.7056 150 123.6932 94.86833 67.08204 42.42641 30 0 30 42.42641 67.08204
853.8149 863.7708 874.6428 886.3972 888.4256 874.6428 849.0583 823.7718 798.8116 774.2093 750 726.2231 702.9225 680.147 657.9514 636.3961 615.5485 595.483 576.2812 558.0323 540.8327 524.7856 510 496.5883 484.6648 474.3416 465.7253 458.9117 453.9824 450.9989 450 450.9989 453.9824 450 426.3801 403.6087 381.8377 361.2478 342.0526 324.4996 308.8689 295.4657 284.605 276.5863 271.6616 270 271.6616 276.5863 284.605 276.5863 258.0698 241.8677 216.3331 192.0937 169.7056 150 127.2792 108.1665 84.85281 60 30 0 30 42.42641 67.08204 84.85281
825.409 835.7033 846.9357 859.0693 859.0693 853.2878 848.5281 840.5355 816.0883 792.0227 768.3749 745.1846 722.4957 700.3571 678.8225 657.9514 637.8088 618.4658 600 582.4946 566.0389 550.7268 536.6563 523.9275 512.6402 502.8916 494.7727 488.3646 483.7355 480.9366 480 480.9366 457.9301 432.6662 408.0441 384.1875 361.2478 339.4113 318.9044 300 283.0194 268.3282 256.3201 247.3863 241.8677 240 241.8677 247.3863 256.3201 254.5584 234.3075 216.3331 201.2461 174.9286 150 127.2792 108.1665 84.85281 67.08204 42.42641 30 0 30 60 84.85281 108.1665
797.1198 807.7747 819.39 831.9255 829.759 823.7718 818.8406 814.9847 812.2192 810.5554 787.4643 764.8529 742.7651 721.2489 700.3571 680.147 660.6815 642.028 624.2596 607.4537 591.6925 577.0615 563.6488 551.5433 540.8327 531.6014 523.9275 517.8803 513.5173 510.8816 496.5883 469.5743 442.9447 416.7733 391.1521 366.1967 342.0526 318.9044 296.9849 276.5863 258.0698 241.8677 228.4732 218.4033 212.132 210 212.132 218.4033 228.4732 234.3075 212.132 192.0937 174.9286 161.5549 134.1641 108.1665 84.85281 67.08204 42.42641 30 0 30 42.42641 67.08204 94.86833 123.6932
768.9603 780 792.0227 804.9845 800.4998 794.2921 789.1768 785.1751 782.3043 780.5767 780 780.5767 763.6754 742.7651 722.4957 702.9225 684.1052 666.1081 648.9992 632.8507 617.7378 603.7383 590.9315 579.3962 569.21 560.4462 553.1727 547.4486 540.8327 512.6402 484.6648 456.9464 429.5346 402.4922 375.8989 349.8571 324.4996 300 276.5863 254.5584 234.3075 216.3331 201.2461 189.7367 182.4829 180 182.4829 189.7367 201.2461 212.132 192.0937 169.7056 150 134.1641 123.6932 94.86833 67.08204 42.42641 30 0 30 42.42641 67.08204 84.85281 108.1665 134.1641
740.9453 752.3962 764.8529 778.2673 771.2976 764.8529 759.5393 755.3807 752.3962 750.5997 750 750.5997 752.3962 755.3807 745.1846 726.2231 708.0255 690.6519 674.1661 658.6349 644.1273 630.7139 618.4658 607.4537 597.7458 589.4065 582.4946 560.4462 531.6014 502.8916 474.3416 445.9821 417.8517 390 362.4914 335.4102 308.8689 283.0194 258.0698 234.3075 212.132 192.0937 174.9286 161.5549 152.9706 150 152.9706 161.5549 174.9286 192.0937 169.7056 150 127.2792 108.1665 94.86833 84.85281 60 30 0 30 42.42641 67.08204 84.85281 108.1665 127.2792 150
713.0919 724.9828 737.9024 750 742.159 735.459 729.9315 725.6032 722.4957 720.6248 720 720.6248 722.4957 725.6032 729.9315 735.459 732.3933 715.6116 699.7142 684.7628 670.8204 657.9514 646.2198 635.6886 626.4184 611.8823 582.4946 553.1727 523.9275 494.7727 465.7253 436.8066 408.0441 379.4733 351.141 323.1099 295.4657 268.3282 241.8677 216.3331 192.0937 169.7056 150 134.1641 123.6932 120 123.6932 134.1641 150 169.7056 150 127.2792 108.1665 84.85281 67.08204 60 42.42641 30 0 30 60 84.85281 108.1665 127.2792 150 169.7056
685.4196 697.7822 711.1962 721.2489 713.0919 706.1161 700.3571 695.8448 692.6038 690.6519 690 690.6519 692.6038 695.8448 700.3571 706.1161 713.0919 721.2489 725.6032 711.1962 697.7822 685.4196 674.1661 664.0783 636.3961 606.7125 577.0615 547.4486 517.8803 488.3646 458.9117 429.5346 400.2499 371.0795 342.0526 313.2092 284.605 256.3201 228.4732 201.2461 174.9286 150 127.2792 108.1665 94.86833 90 94.86833 108.1665 127.2792 150 127.2792 108.1665 84.85281 67.08204 42.42641 30 30 0 30 42.42641 67.08204 94.86833 123.6932 150 169.7056 192.0937
657.9514 670.8204 684.7628 692.6038 684.1052 676.8309 670.8204 666.1081 662.7217 660.6815 660 660.6815 662.7217 666.1081 670.8204 676.8309 684.1052 692.6038 702.282 713.0919 724.9828 713.0919 692.6038 662.7217 632.8507 602.9926 573.1492 543.3231 513.5173 483.7355 453.9824 424.2641 394.5884 364.9658 335.4102 305.9412 276.5863 247.3863 218.4033 189.7367 161.5549 134.1641 108.1665 84.85281 67.08204 60 67.08204 84.85281 108.1665 134.1641 108.1665 84.85281 67.08204 42.42641 30 0 30 30 42.42641 67.08204 84.85281 108.1665 134.1641 161.5549 189.7367 212.132
630.7139 644.1273 658.6349 664.0783 655.2099 647.611 641.3267 636.3961 632.8507 630.7139 630 630.7139 632.8507 636.3961 641.3267 647.611 655.2099 664.0783 674.1661 685.4196 697.7822 711.1962 690.6519 660.6815 630.7139 600.7495 570.7889 540.8327 510.8816 480.9366 450.9989 421.0701 391.1521 361.2478 331.3608 301.4963 271.6616 241.8677 212.132 182.4829 152.9706 123.6932 94.86833 67.08204 42.42641 30 42.42641 67.08204 94.86833 123.6932 94.86833 67.08204 42.42641 30 0 30 42.42641 60 67.08204 84.85281 108.1665 127.2792 150 174.9286 201.2461 228.4732
603.7383 617.7378 632.8507 635.6886 626.4184 618.4658 611.8823 606.7125 602.9926 600.7495 600 600.7495 602.9926 606.7125 611.8823 618.4658 626.4184 635.6886 646.2198 657.9514 670.8204 684.7628 690 660 630 600 570 540 510 480 450 420 390 360 330 300 270 240 210 180 150 120 90 60 30 0 30 60 90 120 90 60 30 0 30 42.42641 67.08204 84.85281 94.86833 108.1665 127.2792 150 169.7056 192.0937 216.3331 241.8677
577.0615 591.6925 607.4537 607.4537 597.7458 589.4065 582.4946 577.0615 573.1492 570.7889 570 570.7889 573.1492 577.0615 582.4946 589.4065 597.7458 607.4537 618.4658 630.7139 644.1273 658.6349 674.1661 660.6815 630.7139 600.7495 570.7889 540.8327 510.8816 480.9366 450.9989 421.0701 391.1521 361.2478 331.3608 301.4963 271.6616 241.8677 212.132 182.4829 152.9706 123.6932 94.86833 67.08204 42.42641 30 42.42641 67.08204 94.86833 120 90 60 30 0 30 60 84.85281 108.1665 123.6932 134.1641 150 169.7056 192.0937 212.132 234.3075 258.0698
550.7268 566.0389 582.4946 579.3962 569.21 560.4462 553.1727 547.4486 543.3231 540.8327 540 540.8327 543.3231 547.4486 553.1727 560.4462 569.21 579.3962 590.9315 603.7383 617.7378 632.8507 648.9992 662.7217 632.8507 602.9926 573.1492 543.3231 513.5173 483.7355 453.9824 424.2641 394.5884 364.9658 335.4102 305.9412 276.5863 247.3863 218.4033 189.7367 161.5549 134.1641 108.1665 84.85281 67.08204 60 67.08204 84.85281 108.1665 120 90 60 30 0 30 60 90 120 150 161.5549 174.9286 192.0937 212.132 234.3075 254.5584 276.5863
524.7856 540.8327 558.0323 551.5433 540.8327 531.6014 523.9275 517.8803 513.5173 510.8816 510 510.8816 513.5173 517.8803 523.9275 531.6014 540.8327 551.5433 563.6488 577.0615 591.6925 607.4537 624.2596 642.028 636.3961 606.7125 577.0615 547.4486 517.8803 488.3646 458.9117 429.5346 400.2499 371.0795 342.0526 313.2092 284.605 256.3201 228.4732 201.2461 174.9286 150 127.2792 108.1665 94.86833 90 94.86833 108.1665 127.2792 108.1665 84.85281 60 30 0 30 60 90 120 150 180 201.2461 216.3331 234.3075 254.5584 276.5863 296.9849
499.2995 516.1395 534.1348 523.9275 512.6402 502.8916 494.7727 488.3646 483.7355 480.9366 480 480.9366 483.7355 488.3646 494.7727 502.8916 512.6402 523.9275 536.6563 550.7268 566.0389 582.4946 600 618.4658 637.8088 611.8823 582.4946 553.1727 523.9275 494.7727 465.7253 436.8066 408.0441 379.4733 351.141 323.1099 295.4657 268.3282 241.8677 216.3331 192.0937 169.7056 150 134.1641 123.6932 120 123.6932 127.2792 108.1665 84.85281 67.08204 42.42641 30 0 30 60 90 120 150 180 210 240 258.0698 276.5863 296.9849 318.9044
474.3416 492.0366 510 496.5883 484.6648 474.3416 465.7253 458.9117 453.9824 450.9989 450 450.9989 453.9824 458.9117 465.7253 474.3416 484.6648 496.5883 510 524.7856 540.8327 558.0323 576.2812 595.483 615.5485 618.4658 589.4065 560.4462 531.6014 502.8916 474.3416 445.9821 417.8517 390 362.4914 335.4102 308.8689 283.0194 258.0698 234.3075 212.132 192.0937 174.9286 161.5549 152.9706 150 127.2792 108.1665 84.85281 67.08204 42.42641 30 0 0 30 60 90 120 150 180 210 240 270 300 318.9044 339.4113
450 468.615 480 469.5743 456.9464 445.9821 436.8066 429.5346 424.2641 421.0701 420 421.0701 424.2641 429.5346 436.8066 445.9821 456.9464 469.5743 483.7355 499.2995 516.1395 534.1348 553.1727 573.1492 593.9697 615.5485 597.7458 569.21 540.8327 512.6402 484.6648 456.9464 429.5346 402.4922 375.8989 349.8571 324.4996 300 276.5863 254.5584 234.3075 216.3331 201.2461 174.9286 150 127.2792 108.1665 84.85281 67.08204 42.42641 30 0 30 30 42.42641 67.08204 94.86833 123.6932 152.9706 182.4829 212.132 241.8677 271.6616 301.4963 331.3608 361.2478
426.3801 445.9821 450 442.9447 429.5346 417.8517 408.0441 400.2499 394.5884 391.1521 390 391.1521 394.5884 400.2499 408.0441 417.8517 429.5346 442.9447 457.9301 474.3416 492.0366 510.8816 530.7542 551.5433 573.1492 595.483 607.4537 579.3962 551.5433 523.9275 496.5883 469.5743 442.9447 416.7733 391.1521 366.1967 342.0526 318.9044 295.4657 268.3282 241.8677 216.3331 189.7367 161.5549 134.1641 108.1665 84.85281 67.08204 42.42641 30 0 30 42.42641 60 67.08204 84.85281 108.1665 134.1641 161.5549 189.7367 218.4033 247.3863 276.5863 305.9412 335.4102 364.9658
403.6087 420 420 416.7733 402.4922 390 379.4733 371.0795 364.9658 361.2478 360 361.2478 364.9658 371.0795 379.4733 390 402.4922 416.7733 432.6662 450 468.615 488.3646 509.1169 530.7542 553.1727 576.2812 600 576.2812 553.1727 530.7542 509.1169 483.7355 457.9301 429.5346 400.2499 371.0795 342.0526 313.2092 284.605 256.3201 228.4732 201.2461 174.9286 150 123.6932 94.86833 67.08204 42.42641 30 0 0 30 60 84.85281 94.86833 108.1665 127.2792 150 174.9286 201.2461 228.4732 256.3201 284.605 313.2092 342.0526 371.0795
381.8377 390 390 391.1521 375.8989 362.4914 351.141 342.0526 335.4102 331.3608 330 331.3608 335.4102 342.0526 351.141 362.4914 375.8989 391.1521 408.0441 426.3801 445.9821 466.6905 488.3646 510.8816 534.1348 558.0323 582.4946 558.0323 534.1348 510.8816 488.3646 466.6905 445.9821 424.2641 394.5884 364.9658 335.4102 305.9412 276.5863 247.3863 218.4033 189.7367 161.5549 134.1641 108.1665 84.85281 60 30 0 0 30 42.42641 67.08204 94.86833 123.6932 134.1641 150 169.7056 192.0937 216.3331 241.8677 268.3282 295.4657 323.1099 351.141 379.4733
360 360 360 361.2478 349.8571 335.4102 323.1099 313.2092 305.9412 301.4963 300 301.4963 305.9412 313.2092 323.1099 335.4102 349.8571 366.1967 384.1875 403.6087 424.2641 445.9821 468.615 492.0366 516.1395 540.8327 566.0389 540.8327 516.1395 492.0366 468.615 445.9821 424.2641 403.6087 381.8377 361.2478 331.3608 301.4963 271.6616 241.8677 212.132 182.4829 152.9706 123.6932 94.86833 67.08204 42.42641 30 0 30 42.42641 67.08204 84.85281 108.1665 134.1641 161.5549 174.9286 192.0937 212.132 234.3075 258.0698 283.0194 308.8689 335.4102 362.4914 390
330 330 330 331.3608 324.4996 308.8689 295.4657 284.605 276.5863 271.6616 270 271.6616 276.5863 284.605 295.4657 308.8689 324.4996 342.0526 361.2478 381.8377 403.6087 426.3801 450 474.3416 499.2995 524.7856 550.7268 524.7856 499.2995 474.3416 450 426.3801 403.6087 381.8377 361.2478 339.4113 318.9044 296.9849 270 240 210 180 150 120 90 60 30 0 0 30 60 84.85281 108.1665 127.2792 150 174.9286 201.2461 216.3331 234.3075 254.5584 276.5863 300 324.4996 349.8571 375.8989 402.4922
300 300 300 301.4963 300 283.0194 268.3282 256.3201 247.3863 241.8677 240 241.8677 247.3863 256.3201 268.3282 283.0194 300 318.9044 339.4113 361.2478 384.1875 408.0441 432.6662 457.9301 483.7355 510 536.6563 510 483.7355 457.9301 432.6662 408.0441 384.1875 361.2478 339.4113 318.9044 296.9849 276.5863 254.5584 234.3075 212.132 182.4829 152.9706 123.6932 94.86833 67.08204 42.42641 30 0 30 60 84.85281 108.1665 134.1641 161.5549 189.7367 216.3331 241.8677 258.0698 276.5863 296.9849 318.9044 342.0526 366.1967 391.1521 416.7733
270 270 270 271.6616 276.5863 258.0698 241.8677 228.4732 218.4033 212.132 210 212.132 218.4033 228.4732 241.8677 258.0698 276.5863 296.9849 318.9044 342.0526 366.1967 391.1521 416.7733 442.9447 469.5743 496.5883 523.9275 496.5883 469.5743 442.9447 416.7733 391.1521 366.1967 342.0526 318.9044 296.9849 276.5863 254.5584 234.3075 212.132 192.0937 174.9286 161.5549 134.1641 108.1665 84.85281 60 30 0 30 42.42641 67.08204 94.86833 123.6932 152.9706 182.4829 212.132 241.8677 271.6616 300 318.9044 339.4113 361.2478 384.1875 408.0441 432.6662
240 240 240 241.8677 247.3863 234.3075 216.3331 201.2461 189.7367 182.4829 180 182.4829 189.7367 201.2461 216.3331 234.3075 254.5584 276.5863 300 324.4996 349.8571 375.8989 402.4922 429.5346 456.9464 484.6648 512.6402 484.6648 456.9464 429.5346 402.4922 375.8989 349.8571 324.4996 300 276.5863 254.5584 234.3075 212.132 192.0937 169.7056 150 134.1641 123.6932 120 90 60 30 0 0 30 60 90 120 150 180 210 240 270 300 330 360 381.8377 403.6087 426.3801 450
210 210 210 212.132 218.4033 212.132 192.0937 174.9286 161.5549 152.9706 150 152.9706 161.5549 174.9286 192.0937 212.132 234.3075 258.0698 283.0194 308.8689 335.4102 362.4914 390 417.8517 445.9821 474.3416 502.8916 474.3416 445.9821 417.8517 390 362.4914 335.4102 308.8689 283.0194 258.0698 234.3075 212.132 192.0937 169.7056 150 127.2792 108.1665 94.86833 90 84.85281 60 30 0 0 30 60 90 120 150 180 210 240 270 300 330 360 390 420 436.8066 445.9821
180 180 180 182.4829 189.7367 192.0937 169.7056 150 134.1641 123.6932 120 123.6932 134.1641 150 169.7056 192.0937 216.3331 241.8677 268.3282 295.4657 323.1099 351.141 379.4733 408.0441 436.8066 465.7253 494.7727 465.7253 436.8066 408.0441 379.4733 351.141 323.1099 295.4657 268.3282 241.8677 216.3331 192.0937 169.7056 150 127.2792 108.1665 84.85281 67.08204 60 60 42.42641 30 0 30 42.42641 67.08204 94.86833 123.6932 152.9706 182.4829 212.132 241.8677 271.6616 301.4963 331.3608 361.2478 391.1521 400.2499 408.0441 417.8517
150 150 150 152.9706 161.5549 174.9286 150 127.2792 108.1665 94.86833 90 94.86833 108.1665 127.2792 150 174.9286 201.2461 228.4732 256.3201 284.605 313.2092 342.0526 371.0795 400.2499 429.5346 458.9117 488.3646 458.9117 429.5346 400.2499 371.0795 342.0526 313.2092 284.605 256.3201 228.4732 201.2461 174.9286 150 127.2792 108.1665 84.85281 67.08204 42.42641 30 30 30 0 0 30 60 84.85281 108.1665 134.1641 161.5549 189.7367 218.4033 247.3863 276.5863 305.9412 335.4102 361.2478 364.9658 371.0795 379.4733 390
120 120 120 123.6932 134.1641 150 134.1641 108.1665 84.85281 67.08204 60 67.08204 84.85281 108.1665 134.1641 161.5549 189.7367 218.4033 247.3863 276.5863 305.9412 335.4102 364.9658 394.5884 424.2641 453.9824 483.7355 453.9824 424.2641 394.5884 364.9658 335.4102 305.9412 276.5863 247.3863 218.4033 189.7367 161.5549 134.1641 108.1665 84.85281 67.08204 42.42641 30 0 0 0 0 30 42.42641 67.08204 94.86833 123.6932 150 174.9286 201.2461 228.4732 256.3201 284.605 313.2092 330 331.3608 335.4102 342.0526 351.141 362.4914
90 90 90 94.86833 108.1665 127.2792 123.6932 94.86833 67.08204 42.42641 30 42.42641 67.08204 94.86833 123.6932 152.9706 182.4829 212.132 241.8677 271.6616 301.4963 331.3608 361.2478 391.1521 421.0701 450.9989 480.9366 450.9989 421.0701 391.1521 361.2478 331.3608 301.4963 271.6616 241.8677 212.132 182.4829 152.9706 123.6932 94.86833 67.08204 42.42641 30 0 0 0 30 30 42.42641 67.08204 84.85281 108.1665 134.1641 161.5549 189.7367 216.3331 241.8677 268.3282 295.4657 300 300 301.4963 305.9412 313.2092 323.1099 335.4102
