test/answer/prey_maxent/쇠박새.asc
ncols         567
nrows         515
xllcorner     947975.0
yllcorner     1913749.0
cellsize      30.0
NODATA_value  -9999
[rows 375 to 399 of 515, columns 399 to 455 of 567]
7.52128E-1 8.439E-1 9.15666E-1 8.439E-1 9.15666E-1 8.439E-1 7.52128E-1 7.52128E-1 7.28469E-1 6.67231E-1 5.85552E-1 4.9705E-1 4.10904E-1 3.32604E-1 2.64777E-1 2.08048E-1 1.6182E-1 1.24877E-1 9.57854E-2 7.31289E-2 5.56317E-2 4.22046E-2 3.19506E-2 2.41485E-2 1.82287E-2 1.37468E-2 1.0359E-2 7.80154E-3 5.87277E-3 4.41924E-3 3.32451E-3 2.5004E-3 1.88022E-3 1.41366E-3 1.06274E-3 7.98851E-4 6.00437E-4 4.51271E-4 3.39142E-4 2.54861E-4 2.06204E-4 1.72712E-4 1.4391E-4 1.20811E-4 1.02975E-4 8.72892E-5 7.44796E-5 6.39496E-5 5.46078E-5 4.63869E-5 4.06907E-5 3.54868E-5 3.07758E-5 2.65464E-5 2.27801E-5 1.94506E-5 1.65287E-5
7.28469E-1 8.07864E-1 8.439E-1 9.15666E-1 8.439E-1 8.07864E-1 8.07864E-1 8.439E-1 8.07864E-1 7.28469E-1 6.32121E-1 5.32097E-1 4.36926E-1 3.51672E-1 2.78594E-1 2.17975E-1 1.6891E-1 1.29921E-1 9.93657E-2 7.56679E-2 5.74322E-2 4.34822E-2 3.28581E-2 2.47941E-2 1.86887E-2 1.40751E-2 1.05938E-2 7.96968E-3 5.9934E-3 4.50594E-3 3.38692E-3 2.54539E-3 1.91271E-3 1.43715E-3 1.07974E-3 8.11174E-4 6.09379E-4 4.57768E-4 3.43866E-4 2.583E-4 1.94022E-4 1.45737E-4 1.15459E-4 9.61237E-5 8.12488E-5 6.91301E-5 5.8511E-5 5.02189E-5 4.30325E-5 3.66824E-5 3.15686E-5 2.76153E-5 2.40234E-5 2.07871E-5 1.78942E-5 1.53277E-5 1.30666E-5
7.28469E-1 8.07864E-1 8.439E-1 9.15666E-1 8.439E-1 7.52128E-1 8.439E-1 9.15666E-1 8.439E-1 7.52128E-1 6.49207E-1 5.44674E-1 4.4615E-1 3.58374E-1 2.83421E-1 2.21426E-1 1.71364E-1 1.31661E-1 1.00597E-1 7.65389E-2 5.80484E-2 4.39186E-2 3.31676E-2 2.50139E-2 1.88451E-2 1.41866E-2 1.06734E-2 8.02666E-3 6.03425E-3 4.53528E-3 3.40802E-3 2.56059E-3 1.92368E-3 1.44507E-3 1.08548E-3 8.15329E-4 6.12393E-4 4.59956E-4 3.45457E-4 2.59458E-4 1.94865E-4 1.46352E-4 1.09915E-4 8.25502E-5 6.41985E-5 5.46078E-5 4.63869E-5 3.93525E-5 3.38348E-5 2.89393E-5 2.46289E-5 2.14547E-5 1.87198E-5 1.62471E-5 1.40288E-5 1.20537E-5 1.03075E-5
8.07864E-1 8.439E-1 9.15666E-1 8.439E-1 8.07864E-1 7.52128E-1 8.439E-1 9.15666E-1 8.439E-1 7.52128E-1 6.49207E-1 5.44674E-1 4.4615E-1 3.58374E-1 2.83421E-1 2.21426E-1 1.71364E-1 1.31661E-1 1.00597E-1 7.65389E-2 5.80484E-2 4.39186E-2 3.31676E-2 2.50139E-2 1.88451E-2 1.41866E-2 1.06734E-2 8.02666E-3 6.03425E-3 4.53528E-3 3.40802E-3 2.56059E-3 1.92368E-3 1.44507E-3 1.08548E-3 8.15329E-4 6.12393E-4 4.59956E-4 3.45457E-4 2.59458E-4 1.94865E-4 1.46352E-4 1.09915E-4 8.25502E-5 6.19977E-5 4.65621E-5 3.66824E-5 3.11128E-5 2.65464E-5 2.27801E-5 1.94506E-5 1.66429E-5 1.45632E-5 1.26764E-5 1.0978E-5 9.46068E-6 8.1144E-6
8.439E-1 9.15666E-1 8.439E-1 8.07864E-1 7.28469E-1 7.28469E-1 8.07864E-1 8.439E-1 8.07864E-1 7.28469E-1 6.32121E-1 5.32097E-1 4.36926E-1 3.51672E-1 2.78594E-1 2.17975E-1 1.6891E-1 1.29921E-1 9.93657E-2 7.56679E-2 5.74322E-2 4.34822E-2 3.28581E-2 2.47941E-2 1.86887E-2 1.40751E-2 1.05938E-2 7.96968E-3 5.9934E-3 4.50594E-3 3.38692E-3 2.54539E-3 1.91271E-3 1.43715E-3 1.07974E-3 8.11174E-4 6.09379E-4 4.57768E-4 3.43866E-4 2.583E-4 1.94022E-4 1.45737E-4 1.09467E-4 8.22223E-5 6.17585E-5 4.63869E-5 3.48411E-5 2.61691E-5 2.08603E-5 1.78942E-5 1.53277E-5 1.30666E-5 1.1312E-5 9.87423E-6 8.57582E-6 7.41183E-6 6.37569E-6
8.439E-1 9.15666E-1 8.439E-1 7.52128E-1 6.67231E-1 6.67231E-1 7.28469E-1 7.52128E-1 7.28469E-1 6.67231E-1 5.85552E-1 4.9705E-1 4.10904E-1 3.32604E-1 2.64777E-1 2.08048E-1 1.6182E-1 1.24877E-1 9.57854E-2 7.31289E-2 5.56317E-2 4.22046E-2 3.19506E-2 2.41485E-2 1.82287E-2 1.37468E-2 1.0359E-2 7.80154E-3 5.87277E-3 4.41924E-3 3.32451E-3 2.5004E-3 1.88022E-3 1.41366E-3 1.06274E-3 7.98851E-4 6.00437E-4 4.51271E-4 3.39142E-4 2.54861E-4 1.91516E-4 1.4391E-4 1.08133E-4 8.12488E-5 6.10466E-5 4.58661E-5 3.44602E-5 2.58899E-5 1.94506E-5 1.46128E-5 1.20537E-5 1.03075E-5 8.77402E-6 7.6797E-6 6.68827E-6 5.79666E-6 5.00042E-6
9.15666E-1 8.439E-1 8.07864E-1 7.28469E-1 6.32121E-1 7.28469E-1 8.07864E-1 8.439E-1 8.07864E-1 7.28469E-1 6.32121E-1 5.32097E-1 4.36926E-1 3.51672E-1 2.78594E-1 2.17975E-1 1.6891E-1 1.29921E-1 9.93657E-2 7.56679E-2 5.74322E-2 4.34822E-2 3.28581E-2 2.47941E-2 1.86887E-2 1.40751E-2 1.05938E-2 7.96968E-3 5.9934E-3 4.50594E-3 3.38692E-3 2.54539E-3 1.91271E-3 1.43715E-3 1.07974E-3 8.11174E-4 6.09379E-4 4.57768E-4 3.43866E-4 2.583E-4 1.94022E-4 1.45737E-4 1.09467E-4 8.22223E-5 6.17585E-5 4.63869E-5 3.48411E-5 2.61691E-5 1.96554E-5 1.47629E-5 1.10882E-5 8.32812E-6 6.92801E-6 5.96418E-6 5.20812E-6 4.52608E-6 3.91508E-6
8.439E-1 8.07864E-1 7.28469E-1 6.67231E-1 6.49207E-1 7.52128E-1 8.439E-1 9.15666E-1 8.439E-1 7.52128E-1 6.49207E-1 5.44674E-1 4.4615E-1 3.58374E-1 2.83421E-1 2.21426E-1 1.71364E-1 1.31661E-1 1.00597E-1 7.65389E-2 5.80484E-2 4.39186E-2 3.31676E-2 2.50139E-2 1.88451E-2 1.41866E-2 1.06734E-2 8.02666E-3 6.03425E-3 4.53528E-3 3.40802E-3 2.56059E-3 1.92368E-3 1.44507E-3 1.08548E-3 8.15329E-4 6.12393E-4 4.59956E-4 3.45457E-4 2.59458E-4 1.94865E-4 1.46352E-4 1.09915E-4 8.25502E-5 6.19977E-5 4.65621E-5 3.49694E-5 2.62629E-5 1.97241E-5 1.48133E-5 1.11252E-5 8.35526E-6 6.275E-6 4.71267E-6 4.04965E-6 3.52857E-6 3.06031E-6
8.07864E-1 7.28469E-1 6.67231E-1 5.85552E-1 6.32121E-1 7.28469E-1 8.07864E-1 8.439E-1 8.07864E-1 7.28469E-1 6.32121E-1 5.32097E-1 4.36926E-1 3.51672E-1 2.78594E-1 2.17975E-1 1.6891E-1 1.29921E-1 9.93657E-2 7.56679E-2 5.74322E-2 4.34822E-2 3.28581E-2 2.47941E-2 1.86887E-2 1.40751E-2 1.05938E-2 7.96968E-3 5.9934E-3 4.50594E-3 3.38692E-3 2.54539E-3 1.91271E-3 1.43715E-3 1.07974E-3 8.11174E-4 6.09379E-4 4.57768E-4 3.43866E-4 2.583E-4 1.94022E-4 1.45737E-4 1.09467E-4 8.22223E-5 6.17585E-5 4.63869E-5 3.48411E-5 2.61691E-5 1.96554E-5 1.47629E-5 1.10882E-5 8.32812E-6 6.25509E-6 4.69803E-6 3.52857E-6 2.74689E-6 2.38851E-6
7.52128E-1 6.67231E-1 5.85552E-1 5.19986E-1 5.85552E-1 6.67231E-1 7.28469E-1 7.52128E-1 7.28469E-1 6.67231E-1 5.85552E-1 4.9705E-1 4.10904E-1 3.32604E-1 2.64777E-1 2.08048E-1 1.6182E-1 1.24877E-1 9.57854E-2 7.31289E-2 5.56317E-2 4.22046E-2 3.19506E-2 2.41485E-2 1.82287E-2 1.37468E-2 1.0359E-2 7.80154E-3 5.87277E-3 4.41924E-3 3.32451E-3 2.5004E-3 1.88022E-3 1.41366E-3 1.06274E-3 7.98851E-4 6.00437E-4 4.51271E-4 3.39142E-4 2.54861E-4 1.91516E-4 1.4391E-4 1.08133E-4 8.12488E-5 6.10466E-5 4.58661E-5 3.44602E-5 2.58899E-5 1.94506E-5 1.46128E-5 1.0978E-5 8.24727E-6 6.19567E-6 4.65439E-6 3.49649E-6 2.6266E-6 1.97312E-6
7.28469E-1 6.32121E-1 5.32097E-1 4.4615E-1 5.19986E-1 5.85552E-1 6.32121E-1 6.49207E-1 6.32121E-1 5.85552E-1 5.19986E-1 4.4615E-1 3.7234E-1 3.03931E-1 2.43761E-1 1.92805E-1 1.50848E-1 1.17019E-1 9.01754E-2 6.91308E-2 5.27842E-2 4.01764E-2 3.05049E-2 2.3117E-2 1.74918E-2 1.32196E-2 9.98125E-3 7.53045E-3 5.67793E-3 4.279E-3 3.22342E-3 2.42742E-3 1.82747E-3 1.37548E-3 1.03507E-3 7.78778E-4 5.85857E-4 4.40672E-4 3.31428E-4 2.49242E-4 1.87419E-4 1.4092E-4 1.0595E-4 7.96526E-5 5.98793E-5 4.50122E-5 3.38348E-5 2.54317E-5 1.91148E-5 1.43664E-5 1.07971E-5 8.1144E-6 6.09806E-6 4.58263E-6 3.44373E-6 2.58778E-6 1.94454E-6
6.67231E-1 5.85552E-1 4.9705E-1 4.10904E-1 4.4615E-1 4.9705E-1 5.32097E-1 5.44674E-1 5.32097E-1 4.9705E-1 4.4615E-1 3.87105E-1 3.26574E-1 2.69276E-1 2.17975E-1 1.73865E-1 1.37065E-1 1.07055E-1 8.30037E-2 6.39829E-2 4.90947E-2 3.75338E-2 2.86121E-2 2.17606E-2 1.6519E-2 1.25212E-2 9.47928E-3 7.16921E-3 5.41764E-3 4.0912E-3 3.08776E-3 2.3293E-3 1.75642E-3 1.32397E-3 9.97692E-4 7.51621E-4 5.66108E-4 4.26295E-4 3.20954E-4 2.41604E-4 1.81845E-4 1.36849E-4 1.02975E-4 7.74769E-5 5.82864E-5 4.38458E-5 3.29797E-5 2.48048E-5 1.86549E-5 1.40288E-5 1.05493E-5 7.93231E-6 5.96418E-6 4.48416E-6 3.37127E-6 2.53447E-6 1.90528E-6
5.85552E-1 5.19986E-1 4.4615E-1 3.7234E-1 3.7234E-1 4.10904E-1 4.36926E-1 4.4615E-1 4.36926E-1 4.10904E-1 3.7234E-1 3.26574E-1 2.78594E-1 2.3223E-1 1.89937E-1 1.52962E-1 1.21654E-1 9.57854E-2 7.48094E-2 5.80484E-2 4.48077E-2 3.44416E-2 2.63834E-2 2.01546E-2 1.53614E-2 1.16864E-2 8.87683E-3 6.73409E-3 5.10306E-3 3.86356E-3 2.92286E-3 2.20974E-3 1.66964E-3 1.26093E-3 9.51847E-4 7.18253E-4 5.41801E-4 4.08574E-4 3.08024E-4 2.32163E-4 1.74946E-4 1.31805E-4 9.92833E-5 7.47739E-5 5.63066E-5 4.23941E-5 3.19152E-5 2.40234E-5 1.80811E-5 1.36074E-5 1.02395E-5 7.70459E-6 5.79666E-6 4.36091E-6 3.28053E-6 2.46764E-6 1.85605E-6
5.19986E-1 4.4615E-1 3.87105E-1 3.26574E-1 3.03931E-1 3.32604E-1 3.51672E-1 3.58374E-1 3.51672E-1 3.32604E-1 3.03931E-1 2.69276E-1 2.3223E-1 1.95732E-1 1.6182E-1 1.31661E-1 1.05722E-1 8.39828E-2 6.61283E-2 5.1696E-2 4.01764E-2 3.10734E-2 2.39379E-2 1.83806E-2 1.40751E-2 1.07537E-2 8.2005E-3 6.24343E-3 4.74692E-3 3.6049E-3 2.73486E-3 2.073E-3 1.57012E-3 1.18844E-3 8.99006E-4 6.79708E-4 5.13664E-4 3.88021E-4 2.93001E-4 2.21174E-4 1.66903E-4 1.25914E-4 9.49674E-5 7.161E-5 5.39854E-5 4.06907E-5 3.06644E-5 2.31046E-5 1.74059E-5 1.31109E-5 9.87423E-6 7.43578E-6 5.5988E-6 4.21516E-6 3.17315E-6 2.38851E-6 1.79772E-6
4.4615E-1 3.87105E-1 3.26574E-1 2.78594E-1 2.43761E-1 2.64777E-1 2.78594E-1 2.83421E-1 2.78594E-1 2.64777E-1 2.43761E-1 2.17975E-1 1.89937E-1 1.6182E-1 1.35232E-1 1.11186E-1 9.01754E-2 7.23065E-2 5.74322E-2 4.52606E-2 3.54364E-2 2.75945E-2 2.13908E-2 1.6519E-2 1.27162E-2 9.76239E-3 7.47757E-3 5.71629E-3 4.36252E-3 3.32451E-3 2.53029E-3 1.92368E-3 1.46107E-3 1.10876E-3 8.40768E-4 6.37114E-4 4.82496E-4 3.65202E-4 2.76285E-4 2.08923E-4 1.5792E-4 1.19325E-4 9.0131E-5 6.80585E-5 5.13766E-5 3.87731E-5 2.92545E-5 2.20677E-5 1.66429E-5 1.25492E-5 9.46068E-6 7.13108E-6 5.37425E-6 4.04965E-6 3.05112E-6 2.29847E-6 1.73129E-6
4.10904E-1 3.32604E-1 2.78594E-1 2.3223E-1 1.95732E-1 2.08048E-1 2.17975E-1 2.21426E-1 2.17975E-1 2.08048E-1 1.92805E-1 1.73865E-1 1.52962E-1 1.31661E-1 1.11186E-1 9.23678E-2 7.56679E-2 6.12561E-2 4.90947E-2 3.90167E-2 3.07876E-2 2.41485E-2 1.88451E-2 1.46432E-2 1.13366E-2 8.74913E-3 6.73409E-3 5.1711E-3 3.96289E-3 3.03164E-3 2.31566E-3 1.76638E-3 1.34577E-3 1.02423E-3 7.78778E-4 5.91641E-4 4.49129E-4 3.40709E-4 2.583E-4 1.95712E-4 1.48213E-4 1.12189E-4 8.48838E-5 6.41985E-5 4.85358E-5 3.66824E-5 2.77148E-5 2.09335E-5 1.58071E-5 1.19332E-5 9.00649E-6 6.79612E-6 5.12719E-6 3.86732E-6 2.9165E-6 2.1991E-6 1.65789E-6
3.7234E-1 3.03931E-1 2.43761E-1 1.95732E-1 1.6182E-1 1.6182E-1 1.6891E-1 1.71364E-1 1.6891E-1 1.6182E-1 1.50848E-1 1.37065E-1 1.21654E-1 1.05722E-1 9.01754E-2 7.56679E-2 6.26009E-2 5.11623E-2 4.13786E-2 3.31676E-2 2.63834E-2 2.08501E-2 1.63854E-2 1.2815E-2 9.98125E-3 7.74643E-3 5.9934E-3 4.62461E-3 3.56004E-3 2.73486E-3 2.09713E-3 1.60551E-3 1.22737E-3 9.37097E-4 7.1465E-4 5.44444E-4 4.14389E-4 3.15134E-4 2.3947E-4 1.81845E-4 1.37999E-4 1.04664E-4 7.93377E-5 6.01105E-5 4.55225E-5 3.44602E-5 2.60756E-5 1.97241E-5 1.49146E-5 1.12744E-5 8.5201E-6 6.43689E-6 4.86184E-6 3.67127E-6 2.77164E-6 2.092E-6 1.57872E-6
3.26574E-1 2.69276E-1 2.17975E-1 1.73865E-1 1.37065E-1 1.24877E-1 1.29921E-1 1.31661E-1 1.29921E-1 1.24877E-1 1.17019E-1 1.07055E-1 9.57854E-2 8.39828E-2 7.23065E-2 6.12561E-2 5.11623E-2 4.22046E-2 3.44416E-2 2.78447E-2 2.23299E-2 1.77822E-2 1.40751E-2 1.10823E-2 8.68609E-3 6.78088E-3 5.27513E-3 4.0912E-3 3.16446E-3 2.44182E-3 1.88022E-3 1.44507E-3 1.10876E-3 8.49444E-4 6.49892E-4 4.96611E-4 3.79062E-4 2.89046E-4 2.20204E-4 1.67618E-4 1.27492E-4 9.69028E-5 7.36063E-5 5.58767E-5 4.23941E-5 3.21484E-5 2.43675E-5 1.84614E-5 1.39813E-5 1.05843E-5 8.00983E-6 6.05948E-6 4.58263E-6 3.46473E-6 2.61879E-6 1.97889E-6 1.49499E-6
2.78594E-1 2.3223E-1 1.89937E-1 1.52962E-1 1.21654E-1 9.57854E-2 9.93657E-2 1.00597E-1 9.93657E-2 9.57854E-2 9.01754E-2 8.30037E-2 7.48094E-2 6.61283E-2 5.74322E-2 4.90947E-2 4.13786E-2 3.44416E-2 2.83535E-2 2.3117E-2 1.86887E-2 1.49972E-2 1.19571E-2 9.47928E-3 7.47757E-3 5.87277E-3 4.59461E-3 3.58238E-3 2.78472E-3 2.15886E-3 1.66964E-3 1.28852E-3 9.92477E-4 7.63126E-4 5.85857E-4 4.49129E-4 3.43866E-4 2.62966E-4 2.00883E-4 1.53307E-4 1.16892E-4 8.90537E-5 6.77934E-5 5.15721E-5 3.92066E-5 2.97884E-5 2.26196E-5 1.71672E-5 1.30227E-5 9.87423E-6 7.4839E-6 5.66989E-6 4.29401E-6 3.25086E-6 2.46032E-6 1.86144E-6 1.40793E-6
2.3223E-1 1.95732E-1 1.6182E-1 1.31661E-1 1.05722E-1 8.39828E-2 7.56679E-2 7.65389E-2 7.56679E-2 7.31289E-2 6.91308E-2 6.39829E-2 5.80484E-2 5.1696E-2 4.52606E-2 3.90167E-2 3.31676E-2 2.78447E-2 2.3117E-2 1.90031E-2 1.54852E-2 1.25212E-2 1.00555E-2 8.02666E-3 6.37299E-3 5.03607E-3 3.96289E-3 3.10673E-3 2.42742E-3 1.89098E-3 1.46915E-3 1.13867E-3 8.80616E-4 6.79708E-4 5.23703E-4 4.02851E-4 3.09432E-4 2.37356E-4 1.81845E-4 1.3916E-4 1.06383E-4 8.12488E-5 6.19977E-5 4.72695E-5 3.60129E-5 2.74175E-5 2.08603E-5 1.58614E-5 1.20537E-5 9.1552E-6 6.95026E-6 5.27395E-6 4.00014E-6 3.03277E-6 2.38851E-6 2.06763E-6 1.78214E-6
1.95732E-1 1.6182E-1 1.35232E-1 1.11186E-1 9.01754E-2 7.23065E-2 5.74322E-2 5.80484E-2 5.74322E-2 5.56317E-2 5.27842E-2 4.90947E-2 4.48077E-2 4.01764E-2 3.54364E-2 3.07876E-2 2.63834E-2 2.23299E-2 1.86887E-2 1.54852E-2 1.27162E-2 1.0359E-2 8.37878E-3 6.73409E-3 5.3816E-3 4.279E-3 3.38692E-3 2.66997E-3 2.09713E-3 1.64181E-3 1.28156E-3 9.97692E-4 7.74832E-4 6.00437E-4 4.64368E-4 3.58484E-4 2.76285E-4 2.12611E-4 1.63384E-4 1.25394E-4 9.61237E-5 7.36063E-5 5.63066E-5 4.30325E-5 3.28597E-5 2.50714E-5 1.91148E-5 1.45632E-5 1.10882E-5 8.43723E-6 6.41641E-6 4.87704E-6 4.04965E-6 3.52857E-6 3.06031E-6 2.64231E-6 2.27152E-6
1.73865E-1 1.37065E-1 1.11186E-1 9.23678E-2 7.56679E-2 6.12561E-2 4.90947E-2 4.39186E-2 4.34822E-2 4.22046E-2 4.01764E-2 3.75338E-2 3.44416E-2 3.10734E-2 2.75945E-2 2.41485E-2 2.08501E-2 1.77822E-2 1.49972E-2 1.25212E-2 1.0359E-2 8.50015E-3 6.92356E-3 5.60211E-3 4.50594E-3 3.6049E-3 2.87016E-3 2.27527E-3 1.79663E-3 1.41366E-3 1.10876E-3 8.67102E-4 6.7632E-4 5.26246E-4 4.08574E-4 3.16578E-4 2.44845E-4 1.89046E-4 1.45737E-4 1.12189E-4 8.62491E-5 6.6226E-5 5.07939E-5 3.89173E-5 2.97884E-5 2.27801E-5 1.74059E-5 1.32891E-5 1.01385E-5 7.72948E-6 6.79612E-6 5.96418E-6 5.20812E-6 4.52608E-6 3.91508E-6 3.37127E-6 2.89037E-6
1.52962E-1 1.21654E-1 9.57854E-2 7.56679E-2 6.26009E-2 5.11623E-2 4.13786E-2 3.31676E-2 3.28581E-2 3.19506E-2 3.05049E-2 2.86121E-2 2.63834E-2 2.39379E-2 2.13908E-2 1.88451E-2 1.63854E-2 1.40751E-2 1.19571E-2 1.00555E-2 8.37878E-3 6.92356E-3 5.67793E-3 4.62461E-3 3.74343E-3 3.01319E-3 2.41312E-3 1.92368E-3 1.52712E-3 1.20773E-3 9.51847E-4 7.47828E-4 5.85857E-4 4.57768E-4 3.56826E-4 2.77533E-4 2.15424E-4 1.66903E-4 1.2909E-4 9.9686E-5 7.68671E-5 5.91912E-5 4.55225E-5 3.49694E-5 2.68335E-5 2.05696E-5 1.57531E-5 1.26764E-5 1.12744E-5 9.97244E-6 8.77402E-6 7.6797E-6 6.68827E-6 5.79666E-6 5.00042E-6 4.29401E-6 3.67127E-6
1.31661E-1 1.05722E-1 8.39828E-2 6.61283E-2 5.1696E-2 4.22046E-2 3.44416E-2 2.78447E-2 2.47941E-2 2.41485E-2 2.3117E-2 2.17606E-2 2.01546E-2 1.83806E-2 1.6519E-2 1.46432E-2 1.2815E-2 1.10823E-2 9.47928E-3 8.02666E-3 6.73409E-3 5.60211E-3 4.62461E-3 3.79096E-3 3.08776E-3 2.5004E-3 2.01406E-3 1.6145E-3 1.28852E-3 1.02423E-3 8.11174E-4 6.40282E-4 5.03841E-4 3.95359E-4 3.09432E-4 2.41604E-4 1.88231E-4 1.46352E-4 1.13577E-4 8.79901E-5 6.80585E-5 5.25629E-5 4.05396E-5 3.12261E-5 2.40234E-5 2.05696E-5 1.84614E-5 1.64719E-5 1.46128E-5 1.28916E-5 1.1312E-5 9.87423E-6 8.57582E-6 7.41183E-6 6.37569E-6 5.45944E-6 4.65439E-6
1.11186E-1 9.01754E-2 7.23065E-2 5.74322E-2 4.52606E-2 3.54364E-2 2.83535E-2 2.3117E-2 1.86887E-2 1.82287E-2 1.74918E-2 1.6519E-2 1.53614E-2 1.40751E-2 1.27162E-2 1.13366E-2 9.98125E-3 8.68609E-3 7.47757E-3 6.37299E-3 5.3816E-3 4.50594E-3 3.74343E-3 3.08776E-3 2.53029E-3 2.06106E-3 1.66964E-3 1.34577E-3 1.07974E-3 8.62649E-4 6.8654E-4 5.44444E-4 4.30349E-4 3.39142E-4 2.66526E-4 2.08923E-4 1.63384E-4 1.27492E-4 9.92833E-5 7.71713E-5 5.98793E-5 4.63869E-5 3.60129E-5 3.28597E-5 2.97884E-5 2.68335E-5 2.40234E-5 2.13795E-5 1.89163E-5 1.66429E-5 1.45632E-5 1.26764E-5 1.0978E-5 9.46068E-6 8.1144E-6 6.92801E-6 5.88912E-6
