test/answer/prey_maxent/쇠박새.asc
ncols         567
nrows         515
xllcorner     947975.0
yllcorner     1913749.0
cellsize      30.0
NODATA_value  -9999
[rows 275 to 299 of 515, columns 171 to 227 of 567]
7.52128E-1 8.439E-1 9.15666E-1 9.15666E-1 9.15666E-1 9.15666E-1 9.15666E-1 9.15666E-1 9.15666E-1 9.15666E-1 9.15666E-1 9.15666E-1 9.15666E-1 9.15666E-1 8.439E-1 7.52128E-1 6.49207E-1 5.44674E-1 4.4615E-1 3.58374E-1 2.83421E-1 2.21426E-1 1.71364E-1 1.31661E-1 1.00597E-1 7.65389E-2 1.00597E-1 1.31661E-1 1.71364E-1 2.21426E-1 2.83421E-1 3.58374E-1 4.4615E-1 5.44674E-1 6.49207E-1 7.52128E-1 8.439E-1 9.15666E-1 9.15666E-1 8.439E-1 8.07864E-1 7.28469E-1 6.32121E-1 5.32097E-1 4.36926E-1 3.51672E-1 2.78594E-1 2.17975E-1 1.6891E-1 1.29921E-1 9.93657E-2 7.56679E-2 6.61283E-2 5.74322E-2 4.90947E-2 4.13786E-2 3.44416E-2
7.52128E-1 8.439E-1 9.15666E-1 8.439E-1 8.439E-1 8.439E-1 8.439E-1 8.439E-1 8.439E-1 8.439E-1 8.439E-1 8.439E-1 8.439E-1 8.439E-1 8.07864E-1 7.28469E-1 6.32121E-1 5.32097E-1 4.36926E-1 3.51672E-1 2.78594E-1 2.17975E-1 1.6891E-1 1.29921E-1 9.93657E-2 7.56679E-2 9.93657E-2 1.29921E-1 1.6891E-1 2.17975E-1 2.78594E-1 3.51672E-1 4.36926E-1 5.32097E-1 6.32121E-1 7.28469E-1 8.07864E-1 8.439E-1 9.15666E-1 9.15666E-1 8.439E-1 7.52128E-1 6.49207E-1 5.44674E-1 4.4615E-1 3.58374E-1 2.83421E-1 2.21426E-1 1.71364E-1 1.31661E-1 1.00597E-1 7.65389E-2 5.80484E-2 5.1696E-2 4.52606E-2 3.90167E-2 3.31676E-2
7.28469E-1 8.07864E-1 8.439E-1 9.15666E-1 8.439E-1 8.439E-1 8.07864E-1 7.52128E-1 7.52128E-1 7.52128E-1 7.52128E-1 7.52128E-1 7.52128E-1 7.52128E-1 7.28469E-1 6.67231E-1 5.85552E-1 4.9705E-1 4.10904E-1 3.32604E-1 2.64777E-1 2.08048E-1 1.6182E-1 1.24877E-1 9.57854E-2 7.65389E-2 1.00597E-1 1.31661E-1 1.71364E-1 2.21426E-1 2.83421E-1 3.58374E-1 4.4615E-1 5.44674E-1 6.49207E-1 7.52128E-1 8.439E-1 9.15666E-1 9.15666E-1 8.439E-1 8.07864E-1 7.28469E-1 6.32121E-1 5.32097E-1 4.36926E-1 3.51672E-1 2.78594E-1 2.17975E-1 1.6891E-1 1.29921E-1 9.93657E-2 8.39828E-2 7.48094E-2 6.61283E-2 5.74322E-2 4.90947E-2 4.13786E-2
6.67231E-1 7.28469E-1 8.07864E-1 8.439E-1 8.439E-1 9.15666E-1 8.439E-1 8.439E-1 8.07864E-1 7.28469E-1 6.49207E-1 6.49207E-1 6.49207E-1 6.49207E-1 6.32121E-1 5.85552E-1 5.19986E-1 4.4615E-1 3.7234E-1 3.03931E-1 2.43761E-1 1.92805E-1 1.50848E-1 1.17019E-1 9.01754E-2 7.65389E-2 1.00597E-1 1.31661E-1 1.71364E-1 2.21426E-1 2.83421E-1 3.58374E-1 4.4615E-1 5.44674E-1 6.49207E-1 7.52128E-1 8.439E-1 9.15666E-1 9.15666E-1 8.439E-1 7.52128E-1 6.67231E-1 5.85552E-1 4.9705E-1 4.10904E-1 3.32604E-1 2.64777E-1 2.08048E-1 1.6182E-1 1.37065E-1 1.21654E-1 1.07055E-1 9.57854E-2 8.39828E-2 7.23065E-2 6.12561E-2 5.11623E-2
5.85552E-1 6.67231E-1 7.28469E-1 7.52128E-1 8.07864E-1 8.439E-1 8.439E-1 9.15666E-1 8.439E-1 7.52128E-1 6.49207E-1 5.44674E-1 5.44674E-1 5.44674E-1 5.32097E-1 4.9705E-1 4.4615E-1 3.87105E-1 3.26574E-1 2.69276E-1 2.17975E-1 1.73865E-1 1.37065E-1 1.07055E-1 8.30037E-2 7.65389E-2 1.00597E-1 1.31661E-1 1.71364E-1 2.21426E-1 2.83421E-1 3.58374E-1 4.4615E-1 5.44674E-1 6.49207E-1 7.52128E-1 8.439E-1 9.15666E-1 9.15666E-1 8.439E-1 7.52128E-1 6.49207E-1 5.44674E-1 4.4615E-1 3.7234E-1 3.03931E-1 2.43761E-1 2.08048E-1 1.92805E-1 1.73865E-1 1.52962E-1 1.37065E-1 1.21654E-1 1.05722E-1 9.01754E-2 7.56679E-2 6.26009E-2
5.19986E-1 5.85552E-1 6.32121E-1 6.67231E-1 7.28469E-1 7.52128E-1 8.439E-1 9.15666E-1 8.439E-1 7.52128E-1 6.49207E-1 5.44674E-1 4.4615E-1 4.4615E-1 4.36926E-1 4.10904E-1 3.7234E-1 3.26574E-1 2.78594E-1 2.3223E-1 1.89937E-1 1.52962E-1 1.21654E-1 9.57854E-2 7.48094E-2 7.65389E-2 1.00597E-1 1.31661E-1 1.71364E-1 2.21426E-1 2.83421E-1 3.58374E-1 4.4615E-1 5.44674E-1 6.49207E-1 7.52128E-1 8.439E-1 9.15666E-1 9.15666E-1 8.439E-1 7.52128E-1 6.49207E-1 5.44674E-1 4.4615E-1 3.58374E-1 3.03931E-1 2.78594E-1 2.64777E-1 2.43761E-1 2.17975E-1 1.92805E-1 1.73865E-1 1.52962E-1 1.31661E-1 1.11186E-1 9.23678E-2 7.56679E-2
4.4615E-1 4.9705E-1 5.32097E-1 6.32121E-1 7.28469E-1 8.07864E-1 8.439E-1 9.15666E-1 8.439E-1 7.52128E-1 6.49207E-1 5.44674E-1 4.4615E-1 3.58374E-1 3.51672E-1 3.32604E-1 3.03931E-1 2.69276E-1 2.3223E-1 1.95732E-1 1.6182E-1 1.31661E-1 1.05722E-1 8.39828E-2 6.61283E-2 7.65389E-2 1.00597E-1 1.31661E-1 1.71364E-1 2.21426E-1 2.83421E-1 3.58374E-1 4.4615E-1 5.44674E-1 6.49207E-1 7.52128E-1 8.439E-1 9.15666E-1 9.15666E-1 8.439E-1 7.52128E-1 6.49207E-1 5.44674E-1 4.4615E-1 4.10904E-1 3.7234E-1 3.51672E-1 3.32604E-1 3.03931E-1 2.69276E-1 2.43761E-1 2.17975E-1 1.89937E-1 1.6182E-1 1.35232E-1 1.11186E-1 9.01754E-2
3.87105E-1 4.4615E-1 5.44674E-1 6.49207E-1 7.52128E-1 8.439E-1 9.15666E-1 8.439E-1 8.07864E-1 7.28469E-1 6.32121E-1 5.32097E-1 4.36926E-1 3.51672E-1 2.78594E-1 2.64777E-1 2.43761E-1 2.17975E-1 1.89937E-1 1.6182E-1 1.35232E-1 1.11186E-1 9.01754E-2 7.23065E-2 5.80484E-2 7.65389E-2 1.00597E-1 1.31661E-1 1.71364E-1 2.21426E-1 2.83421E-1 3.58374E-1 4.4615E-1 5.44674E-1 6.49207E-1 7.52128E-1 8.439E-1 9.15666E-1 9.15666E-1 8.439E-1 7.52128E-1 6.67231E-1 5.85552E-1 5.32097E-1 4.9705E-1 4.4615E-1 4.36926E-1 4.10904E-1 3.7234E-1 3.32604E-1 3.03931E-1 2.69276E-1 2.3223E-1 1.95732E-1 1.6182E-1 1.31661E-1 1.05722E-1
4.4615E-1 5.19986E-1 5.85552E-1 6.67231E-1 7.52128E-1 8.439E-1 9.15666E-1 8.439E-1 7.52128E-1 6.67231E-1 5.85552E-1 4.9705E-1 4.10904E-1 3.32604E-1 2.64777E-1 2.08048E-1 1.92805E-1 1.73865E-1 1.52962E-1 1.31661E-1 1.11186E-1 9.23678E-2 7.56679E-2 6.12561E-2 5.80484E-2 7.65389E-2 1.00597E-1 1.31661E-1 1.71364E-1 2.21426E-1 2.83421E-1 3.58374E-1 4.4615E-1 5.44674E-1 6.49207E-1 7.52128E-1 8.439E-1 9.15666E-1 9.15666E-1 8.439E-1 8.07864E-1 7.28469E-1 6.67231E-1 6.32121E-1 5.85552E-1 5.44674E-1 5.32097E-1 4.9705E-1 4.4615E-1 4.10904E-1 3.7234E-1 3.26574E-1 2.78594E-1 2.3223E-1 1.89937E-1 1.52962E-1 1.21654E-1
4.9705E-1 5.85552E-1 6.67231E-1 7.28469E-1 8.07864E-1 8.439E-1 9.15666E-1 8.439E-1 7.52128E-1 6.49207E-1 5.44674E-1 4.4615E-1 3.7234E-1 3.03931E-1 2.43761E-1 1.92805E-1 1.50848E-1 1.37065E-1 1.21654E-1 1.05722E-1 9.01754E-2 7.56679E-2 6.26009E-2 5.11623E-2 5.74322E-2 7.56679E-2 9.93657E-2 1.29921E-1 1.6891E-1 2.17975E-1 2.78594E-1 3.51672E-1 4.36926E-1 5.32097E-1 6.32121E-1 7.28469E-1 8.07864E-1 8.439E-1 9.15666E-1 9.15666E-1 8.439E-1 8.07864E-1 7.52128E-1 7.28469E-1 6.67231E-1 6.49207E-1 6.32121E-1 5.85552E-1 5.32097E-1 4.9705E-1 4.4615E-1 3.87105E-1 3.26574E-1 2.69276E-1 2.17975E-1 1.73865E-1 1.37065E-1
5.32097E-1 6.32121E-1 7.28469E-1 8.07864E-1 8.439E-1 9.15666E-1 8.439E-1 8.07864E-1 7.28469E-1 6.32121E-1 5.32097E-1 4.36926E-1 3.51672E-1 2.78594E-1 2.17975E-1 1.73865E-1 1.37065E-1 1.07055E-1 9.57854E-2 8.39828E-2 7.23065E-2 6.12561E-2 5.11623E-2 4.22046E-2 5.56317E-2 7.31289E-2 9.57854E-2 1.24877E-1 1.6182E-1 2.08048E-1 2.64777E-1 3.32604E-1 4.10904E-1 4.9705E-1 5.85552E-1 6.67231E-1 7.28469E-1 8.07864E-1 8.439E-1 9.15666E-1 9.15666E-1 8.439E-1 8.439E-1 8.07864E-1 7.52128E-1 7.52128E-1 7.28469E-1 6.67231E-1 6.32121E-1 5.85552E-1 5.19986E-1 4.4615E-1 3.7234E-1 3.03931E-1 2.43761E-1 1.92805E-1 1.52962E-1
5.85552E-1 6.67231E-1 7.52128E-1 8.439E-1 9.15666E-1 8.439E-1 8.07864E-1 7.28469E-1 6.67231E-1 5.85552E-1 4.9705E-1 4.10904E-1 3.32604E-1 2.64777E-1 2.08048E-1 1.6182E-1 1.24877E-1 9.57854E-2 7.48094E-2 6.61283E-2 5.74322E-2 4.90947E-2 4.13786E-2 4.01764E-2 5.27842E-2 6.91308E-2 9.01754E-2 1.17019E-1 1.50848E-1 1.92805E-1 2.43761E-1 3.03931E-1 3.7234E-1 4.4615E-1 5.19986E-1 5.85552E-1 6.67231E-1 7.28469E-1 8.07864E-1 8.439E-1 9.15666E-1 9.15666E-1 9.15666E-1 8.439E-1 8.439E-1 8.439E-1 8.07864E-1 7.52128E-1 7.28469E-1 6.67231E-1 5.85552E-1 4.9705E-1 4.10904E-1 3.32604E-1 2.69276E-1 2.17975E-1 1.73865E-1
6.67231E-1 7.28469E-1 8.07864E-1 8.439E-1 9.15666E-1 8.439E-1 7.52128E-1 6.67231E-1 5.85552E-1 5.19986E-1 4.4615E-1 3.7234E-1 3.03931E-1 2.43761E-1 1.92805E-1 1.50848E-1 1.17019E-1 9.01754E-2 6.91308E-2 5.27842E-2 4.52606E-2 3.90167E-2 3.31676E-2 3.75338E-2 4.90947E-2 6.39829E-2 8.30037E-2 1.07055E-1 1.37065E-1 1.73865E-1 2.17975E-1 2.69276E-1 3.26574E-1 3.87105E-1 4.4615E-1 5.19986E-1 5.85552E-1 6.67231E-1 7.28469E-1 8.07864E-1 8.439E-1 9.15666E-1 9.15666E-1 9.15666E-1 9.15666E-1 9.15666E-1 8.439E-1 8.439E-1 8.07864E-1 7.28469E-1 6.32121E-1 5.32097E-1 4.4615E-1 3.7234E-1 3.03931E-1 2.43761E-1 1.92805E-1
7.28469E-1 8.07864E-1 8.439E-1 9.15666E-1 8.439E-1 8.07864E-1 7.28469E-1 6.32121E-1 5.32097E-1 4.4615E-1 3.87105E-1 3.26574E-1 2.69276E-1 2.17975E-1 1.73865E-1 1.37065E-1 1.07055E-1 8.30037E-2 6.39829E-2 4.90947E-2 3.75338E-2 3.07876E-2 2.63834E-2 3.44416E-2 4.48077E-2 5.80484E-2 7.48094E-2 9.57854E-2 1.21654E-1 1.52962E-1 1.89937E-1 2.3223E-1 2.78594E-1 3.26574E-1 3.87105E-1 4.4615E-1 5.19986E-1 5.85552E-1 6.67231E-1 7.28469E-1 8.07864E-1 8.439E-1 8.439E-1 8.439E-1 9.15666E-1 9.15666E-1 9.15666E-1 9.15666E-1 8.439E-1 7.52128E-1 6.67231E-1 5.85552E-1 4.9705E-1 4.10904E-1 3.32604E-1 2.64777E-1 2.08048E-1
8.07864E-1 8.439E-1 9.15666E-1 8.439E-1 8.07864E-1 7.28469E-1 6.67231E-1 5.85552E-1 4.9705E-1 4.10904E-1 3.32604E-1 2.78594E-1 2.3223E-1 1.89937E-1 1.52962E-1 1.21654E-1 9.57854E-2 7.48094E-2 5.80484E-2 4.48077E-2 3.44416E-2 2.63834E-2 2.39379E-2 3.10734E-2 4.01764E-2 5.1696E-2 6.61283E-2 8.39828E-2 1.05722E-1 1.31661E-1 1.6182E-1 1.95732E-1 2.3223E-1 2.78594E-1 3.26574E-1 3.87105E-1 4.4615E-1 5.19986E-1 5.85552E-1 6.67231E-1 7.28469E-1 7.52128E-1 7.52128E-1 8.07864E-1 8.439E-1 8.439E-1 8.439E-1 9.15666E-1 8.439E-1 8.07864E-1 7.28469E-1 6.32121E-1 5.32097E-1 4.36926E-1 3.51672E-1 2.78594E-1 2.17975E-1
8.439E-1 9.15666E-1 8.439E-1 8.07864E-1 7.28469E-1 6.67231E-1 5.85552E-1 5.19986E-1 4.4615E-1 3.7234E-1 3.03931E-1 2.43761E-1 1.95732E-1 1.6182E-1 1.31661E-1 1.05722E-1 8.39828E-2 6.61283E-2 5.1696E-2 4.01764E-2 3.10734E-2 2.39379E-2 2.13908E-2 2.75945E-2 3.54364E-2 4.52606E-2 5.74322E-2 7.23065E-2 9.01754E-2 1.11186E-1 1.35232E-1 1.6182E-1 1.95732E-1 2.3223E-1 2.78594E-1 3.26574E-1 3.87105E-1 4.4615E-1 5.19986E-1 5.85552E-1 6.32121E-1 6.49207E-1 6.67231E-1 7.28469E-1 7.52128E-1 8.07864E-1 8.439E-1 9.15666E-1 9.15666E-1 8.439E-1 7.52128E-1 6.49207E-1 5.44674E-1 4.4615E-1 3.58374E-1 2.83421E-1 2.21426E-1
9.15666E-1 8.439E-1 8.07864E-1 7.28469E-1 6.67231E-1 5.85552E-1 5.19986E-1 4.4615E-1 3.87105E-1 3.26574E-1 2.69276E-1 2.17975E-1 1.73865E-1 1.37065E-1 1.11186E-1 9.01754E-2 7.23065E-2 5.74322E-2 4.52606E-2 3.54364E-2 2.75945E-2 2.13908E-2 1.88451E-2 2.41485E-2 3.07876E-2 3.90167E-2 4.90947E-2 6.12561E-2 7.56679E-2 9.23678E-2 1.11186E-1 1.35232E-1 1.6182E-1 1.95732E-1 2.3223E-1 2.78594E-1 3.26574E-1 3.87105E-1 4.4615E-1 4.9705E-1 5.32097E-1 5.44674E-1 5.85552E-1 6.49207E-1 7.52128E-1 8.439E-1 9.15666E-1 9.15666E-1 9.15666E-1 8.439E-1 7.52128E-1 6.49207E-1 5.44674E-1 4.4615E-1 3.58374E-1 2.83421E-1 2.83421E-1
8.439E-1 8.07864E-1 7.28469E-1 6.67231E-1 5.85552E-1 5.19986E-1 4.4615E-1 3.87105E-1 3.26574E-1 2.78594E-1 2.3223E-1 1.89937E-1 1.52962E-1 1.21654E-1 9.57854E-2 7.56679E-2 6.12561E-2 4.90947E-2 3.90167E-2 3.07876E-2 2.41485E-2 1.88451E-2 1.63854E-2 2.08501E-2 2.63834E-2 3.31676E-2 4.13786E-2 5.11623E-2 6.26009E-2 7.56679E-2 9.23678E-2 1.11186E-1 1.35232E-1 1.6182E-1 1.95732E-1 2.3223E-1 2.78594E-1 3.26574E-1 3.7234E-1 4.10904E-1 4.36926E-1 4.4615E-1 5.32097E-1 6.32121E-1 7.28469E-1 8.07864E-1 8.439E-1 9.15666E-1 9.15666E-1 8.439E-1 7.52128E-1 6.49207E-1 5.44674E-1 4.4615E-1 3.58374E-1 3.58374E-1 3.58374E-1
7.52128E-1 7.28469E-1 6.67231E-1 5.85552E-1 5.19986E-1 4.4615E-1 3.87105E-1 3.26574E-1 2.78594E-1 2.3223E-1 1.95732E-1 1.6182E-1 1.31661E-1 1.05722E-1 8.39828E-2 6.61283E-2 5.1696E-2 4.13786E-2 3.31676E-2 2.63834E-2 2.08501E-2 1.63854E-2 1.40751E-2 1.77822E-2 2.23299E-2 2.78447E-2 3.44416E-2 4.22046E-2 5.11623E-2 6.26009E-2 7.56679E-2 9.23678E-2 1.11186E-1 1.35232E-1 1.6182E-1 1.95732E-1 2.3223E-1 2.69276E-1 3.03931E-1 3.32604E-1 3.51672E-1 4.36926E-1 5.32097E-1 6.32121E-1 7.28469E-1 8.07864E-1 8.439E-1 9.15666E-1 8.439E-1 8.07864E-1 7.28469E-1 6.32121E-1 5.32097E-1 4.36926E-1 4.4615E-1 4.4615E-1 4.4615E-1
6.49207E-1 6.32121E-1 5.85552E-1 5.19986E-1 4.4615E-1 3.87105E-1 3.26574E-1 2.78594E-1 2.3223E-1 1.95732E-1 1.6182E-1 1.35232E-1 1.11186E-1 9.01754E-2 7.23065E-2 5.74322E-2 4.52606E-2 3.54364E-2 2.78447E-2 2.23299E-2 1.77822E-2 1.40751E-2 1.19571E-2 1.49972E-2 1.86887E-2 2.3117E-2 2.83535E-2 3.44416E-2 4.22046E-2 5.11623E-2 6.26009E-2 7.56679E-2 9.23678E-2 1.11186E-1 1.35232E-1 1.6182E-1 1.89937E-1 2.17975E-1 2.43761E-1 2.83421E-1 3.58374E-1 4.4615E-1 5.44674E-1 6.49207E-1 7.52128E-1 8.439E-1 9.15666E-1 9.15666E-1 8.439E-1 7.52128E-1 6.67231E-1 5.85552E-1 4.9705E-1 5.32097E-1 5.44674E-1 5.44674E-1 5.44674E-1
5.44674E-1 5.32097E-1 4.9705E-1 4.4615E-1 3.87105E-1 3.26574E-1 2.78594E-1 2.3223E-1 1.95732E-1 1.6182E-1 1.35232E-1 1.11186E-1 9.23678E-2 7.56679E-2 6.12561E-2 4.90947E-2 3.90167E-2 3.07876E-2 2.41485E-2 1.88451E-2 1.49972E-2 1.19571E-2 1.00555E-2 1.25212E-2 1.54852E-2 1.90031E-2 2.3117E-2 2.83535E-2 3.44416E-2 4.22046E-2 5.11623E-2 6.26009E-2 7.56679E-2 9.23678E-2 1.11186E-1 1.31661E-1 1.52962E-1 1.73865E-1 2.21426E-1 2.83421E-1 3.58374E-1 4.4615E-1 5.44674E-1 6.49207E-1 7.52128E-1 8.439E-1 9.15666E-1 9.15666E-1 8.439E-1 7.52128E-1 6.49207E-1 5.44674E-1 5.85552E-1 6.32121E-1 6.49207E-1 6.49207E-1 6.49207E-1
4.4615E-1 4.36926E-1 4.10904E-1 3.7234E-1 3.26574E-1 2.78594E-1 2.3223E-1 1.95732E-1 1.6182E-1 1.35232E-1 1.11186E-1 9.23678E-2 7.56679E-2 6.26009E-2 5.11623E-2 4.13786E-2 3.31676E-2 2.63834E-2 2.08501E-2 1.63854E-2 1.2815E-2 1.00555E-2 8.37878E-3 1.0359E-2 1.27162E-2 1.54852E-2 1.90031E-2 2.3117E-2 2.83535E-2 3.44416E-2 4.22046E-2 5.11623E-2 6.26009E-2 7.56679E-2 9.01754E-2 1.05722E-1 1.31661E-1 1.71364E-1 2.21426E-1 2.83421E-1 3.58374E-1 4.4615E-1 5.44674E-1 6.49207E-1 7.52128E-1 8.439E-1 9.15666E-1 9.15666E-1 8.439E-1 7.52128E-1 6.67231E-1 5.85552E-1 6.67231E-1 7.28469E-1 7.52128E-1 7.52128E-1 7.52128E-1
3.7234E-1 3.51672E-1 3.32604E-1 3.03931E-1 2.69276E-1 2.3223E-1 1.95732E-1 1.6182E-1 1.35232E-1 1.11186E-1 9.23678E-2 7.56679E-2 6.26009E-2 5.11623E-2 4.22046E-2 3.44416E-2 2.78447E-2 2.23299E-2 1.77822E-2 1.40751E-2 1.10823E-2 8.68609E-3 6.92356E-3 8.50015E-3 1.0359E-2 1.27162E-2 1.54852E-2 1.90031E-2 2.3117E-2 2.83535E-2 3.44416E-2 4.22046E-2 5.11623E-2 6.12561E-2 7.65389E-2 1.00597E-1 1.31661E-1 1.71364E-1 2.21426E-1 2.83421E-1 3.58374E-1 4.4615E-1 5.44674E-1 6.49207E-1 7.52128E-1 8.439E-1 9.15666E-1 9.15666E-1 8.439E-1 8.07864E-1 7.28469E-1 6.67231E-1 7.28469E-1 8.07864E-1 8.439E-1 8.439E-1 8.439E-1
3.03931E-1 2.78594E-1 2.64777E-1 2.43761E-1 2.17975E-1 1.89937E-1 1.6182E-1 1.35232E-1 1.11186E-1 9.23678E-2 7.56679E-2 6.26009E-2 5.11623E-2 4.22046E-2 3.44416E-2 2.83535E-2 2.3117E-2 1.86887E-2 1.49972E-2 1.19571E-2 9.47928E-3 7.47757E-3 5.87277E-3 6.92356E-3 8.50015E-3 1.0359E-2 1.27162E-2 1.54852E-2 1.90031E-2 2.3117E-2 2.83535E-2 3.44416E-2 4.34822E-2 5.74322E-2 7.56679E-2 9.93657E-2 1.29921E-1 1.6891E-1 2.17975E-1 2.78594E-1 3.51672E-1 4.36926E-1 5.32097E-1 6.32121E-1 7.28469E-1 8.07864E-1 8.439E-1 9.15666E-1 9.15666E-1 8.439E-1 8.07864E-1 7.52128E-1 8.07864E-1 8.439E-1 9.15666E-1 9.15666E-1 9.15666E-1
2.43761E-1 2.17975E-1 2.08048E-1 1.92805E-1 1.73865E-1 1.52962E-1 1.31661E-1 1.11186E-1 9.23678E-2 7.56679E-2 6.26009E-2 5.11623E-2 4.22046E-2 3.44416E-2 2.83535E-2 2.3117E-2 1.90031E-2 1.54852E-2 1.25212E-2 1.00555E-2 8.02666E-3 6.37299E-3 5.03607E-3 5.67793E-3 6.92356E-3 8.50015E-3 1.0359E-2 1.27162E-2 1.54852E-2 1.90031E-2 2.41485E-2 3.19506E-2 4.22046E-2 5.56317E-2 7.31289E-2 9.57854E-2 1.24877E-1 1.6182E-1 2.08048E-1 2.64777E-1 3.32604E-1 4.10904E-1 4.9705E-1 5.85552E-1 6.67231E-1 7.52128E-1 8.439E-1 9.15666E-1 9.15666E-1 9.15666E-1 8.439E-1 8.439E-1 8.439E-1 9.15666E-1 9.15666E-1 9.15666E-1 9.15666E-1
