test/answer/prey_maxent/쇠박새.asc
ncols         567
nrows         515
xllcorner     947975.0
yllcorner     1913749.0
cellsize      30.0
NODATA_value  -9999
[rows 75 to 99 of 515, columns 342 to 398 of 567]
3.56004E-3 2.73486E-3 2.09713E-3 1.60551E-3 1.22737E-3 9.37097E-4 7.1465E-4 5.44444E-4 4.14389E-4 3.15134E-4 2.3947E-4 1.81845E-4 1.37999E-4 1.04664E-4 7.93377E-5 6.01105E-5 4.55225E-5 3.44602E-5 2.60756E-5 1.97241E-5 1.49146E-5 1.12744E-5 8.5201E-6 6.43689E-6 4.86184E-6 3.67127E-6 2.77164E-6 2.092E-6 1.57872E-6 1.19114E-6 8.98556E-7 6.77728E-7 5.11087E-7 3.85365E-7 2.90528E-7 2.19001E-7 1.65061E-7 1.24392E-7 9.37333E-8 7.06233E-8 5.3205E-8 4.00789E-8 3.01885E-8 2.27366E-8 1.71225E-8 1.28938E-8 9.70865E-9 7.30974E-9 5.50322E-9 4.14284E-9 3.11856E-9 2.34734E-9 1.76677E-9 1.3297E-9 1.0007E-9 7.53067E-10 5.66678E-10
3.96289E-3 3.03164E-3 2.31566E-3 1.76638E-3 1.34577E-3 1.02423E-3 7.78778E-4 5.91641E-4 4.49129E-4 3.40709E-4 2.583E-4 1.95712E-4 1.48213E-4 1.12189E-4 8.48838E-5 6.41985E-5 4.85358E-5 3.66824E-5 2.77148E-5 2.09335E-5 1.58071E-5 1.19332E-5 9.00649E-6 6.79612E-6 5.12719E-6 3.86732E-6 2.9165E-6 2.1991E-6 1.65789E-6 1.24969E-6 9.41863E-7 7.09761E-7 5.34795E-7 4.0291E-7 3.03515E-7 2.28615E-7 1.72181E-7 1.29665E-7 9.76395E-8 7.35166E-8 5.53493E-8 4.16683E-8 3.13665E-8 2.36099E-8 1.77702E-8 1.33741E-8 1.00648E-8 7.57399E-9 5.69923E-9 4.28831E-9 3.22649E-9 2.4275E-9 1.82626E-9 1.37387E-9 1.03349E-9 7.77415E-10 5.84765E-10
4.36252E-3 3.32451E-3 2.53029E-3 1.92368E-3 1.46107E-3 1.10876E-3 8.40768E-4 6.37114E-4 4.82496E-4 3.65202E-4 2.76285E-4 2.08923E-4 1.5792E-4 1.19325E-4 9.0131E-5 6.80585E-5 5.13766E-5 3.87731E-5 2.92545E-5 2.20677E-5 1.66429E-5 1.25492E-5 9.46068E-6 7.13108E-6 5.37425E-6 4.04965E-6 3.05112E-6 2.29847E-6 1.73129E-6 1.3039E-6 9.81929E-7 7.39375E-7 5.56683E-7 4.19097E-7 3.15485E-7 2.37471E-7 1.78735E-7 1.34515E-7 1.01229E-7 7.61744E-8 5.73174E-8 4.31261E-8 3.24462E-8 2.441E-8 1.83631E-8 1.38135E-8 1.03906E-8 7.81552E-9 5.87832E-9 4.42112E-9 3.32503E-9 2.50058E-9 1.88049E-9 1.41411E-9 1.06336E-9 7.99584E-10 6.01223E-10
4.74692E-3 3.6049E-3 2.73486E-3 2.073E-3 1.57012E-3 1.18844E-3 8.99006E-4 6.79708E-4 5.13664E-4 3.88021E-4 2.93001E-4 2.21174E-4 1.66903E-4 1.25914E-4 9.49674E-5 7.161E-5 5.39854E-5 4.06907E-5 3.06644E-5 2.31046E-5 1.74059E-5 1.31109E-5 9.87423E-6 7.43578E-6 5.5988E-6 4.21516E-6 3.17315E-6 2.38851E-6 1.79772E-6 1.35294E-6 1.01812E-6 7.66105E-7 5.76428E-7 4.33684E-7 3.26267E-7 2.45441E-7 1.84626E-7 1.38873E-7 1.04453E-7 7.85599E-8 5.90831E-8 4.4433E-8 3.34138E-8 2.51265E-8 1.88938E-8 1.42066E-8 1.06818E-8 8.03133E-9 6.03833E-9 4.53974E-9 3.41296E-9 2.56578E-9 1.92884E-9 1.44999E-9 1.08998E-9 8.19336E-10 6.15881E-10
5.10306E-3 3.86356E-3 2.92286E-3 2.20974E-3 1.66964E-3 1.26093E-3 9.51847E-4 7.18253E-4 5.41801E-4 4.08574E-4 3.08024E-4 2.32163E-4 1.74946E-4 1.31805E-4 9.92833E-5 7.47739E-5 5.63066E-5 4.23941E-5 3.19152E-5 2.40234E-5 1.80811E-5 1.36074E-5 1.02395E-5 7.70459E-6 5.79666E-6 4.36091E-6 3.28053E-6 2.46764E-6 1.85605E-6 1.39596E-6 1.04986E-6 7.89524E-7 5.93715E-7 4.46447E-7 3.35696E-7 2.52406E-7 1.89775E-7 1.42679E-7 1.07266E-7 8.06406E-8 6.0622E-8 4.55711E-8 3.42563E-8 2.57501E-8 1.93554E-8 1.45484E-8 1.0935E-8 8.21891E-9 6.17724E-9 4.6427E-9 3.48928E-9 2.62235E-9 1.97078E-9 1.48108E-9 1.11305E-9 8.95095E-10 7.18695E-10
5.41764E-3 4.0912E-3 3.08776E-3 2.3293E-3 1.75642E-3 1.32397E-3 9.97692E-4 7.51621E-4 5.66108E-4 4.26295E-4 3.20954E-4 2.41604E-4 1.81845E-4 1.36849E-4 1.02975E-4 7.74769E-5 5.82864E-5 4.38458E-5 3.29797E-5 2.48048E-5 1.86549E-5 1.40288E-5 1.05493E-5 7.93231E-6 5.96418E-6 4.48416E-6 3.37127E-6 2.53447E-6 1.90528E-6 1.43225E-6 1.07661E-6 8.09252E-7 6.08272E-7 4.57193E-7 3.43624E-7 2.58262E-7 1.941E-7 1.45873E-7 1.09628E-7 8.23855E-8 6.19124E-8 4.65256E-8 3.49621E-8 2.62724E-8 1.97419E-8 1.48346E-8 1.11468E-8 8.37577E-9 6.29345E-9 4.72874E-9 3.55303E-9 2.6696E-9 2.06969E-9 1.66669E-9 1.33995E-9 1.07556E-9 8.61995E-10
5.67793E-3 4.279E-3 3.22342E-3 2.42742E-3 1.82747E-3 1.37548E-3 1.03507E-3 7.78778E-4 5.85857E-4 4.40672E-4 3.31428E-4 2.49242E-4 1.87419E-4 1.4092E-4 1.0595E-4 7.96526E-5 5.98793E-5 4.50122E-5 3.38348E-5 2.54317E-5 1.91148E-5 1.43664E-5 1.07971E-5 8.1144E-6 6.09806E-6 4.58263E-6 3.44373E-6 2.58778E-6 1.94454E-6 1.46116E-6 1.09792E-6 8.24966E-7 6.19858E-7 4.65736E-7 3.49929E-7 2.62915E-7 1.97535E-7 1.48411E-7 1.11502E-7 8.37706E-8 6.29359E-8 4.72825E-8 3.55218E-8 2.66864E-8 2.00482E-8 1.50613E-8 1.13146E-8 8.49995E-9 6.38536E-9 4.79684E-9 3.84383E-9 3.09989E-9 2.49562E-9 2.00581E-9 1.60952E-9 1.28949E-9 1.03153E-9
5.87277E-3 4.41924E-3 3.32451E-3 2.5004E-3 1.88022E-3 1.41366E-3 1.06274E-3 7.98851E-4 6.00437E-4 4.51271E-4 3.39142E-4 2.54861E-4 1.91516E-4 1.4391E-4 1.08133E-4 8.12488E-5 6.10466E-5 4.58661E-5 3.44602E-5 2.58899E-5 1.94506E-5 1.46128E-5 1.0978E-5 8.24727E-6 6.19567E-6 4.65439E-6 3.49649E-6 2.6266E-6 1.97312E-6 1.48222E-6 1.11342E-6 8.3639E-7 6.28274E-7 4.71943E-7 3.54508E-7 2.66294E-7 2.00029E-7 1.50252E-7 1.12861E-7 8.47752E-8 6.36784E-8 4.78308E-8 3.59275E-8 2.69863E-8 2.027E-8 1.52253E-8 1.14361E-8 8.80967E-9 7.12902E-9 5.75827E-9 4.6427E-9 3.73666E-9 3.00235E-9 2.40837E-9 1.92884E-9 1.5424E-9 1.23155E-9
5.9934E-3 4.50594E-3 3.38692E-3 2.54539E-3 1.91271E-3 1.43715E-3 1.07974E-3 8.11174E-4 6.09379E-4 4.57768E-4 3.43866E-4 2.583E-4 1.94022E-4 1.45737E-4 1.09467E-4 8.22223E-5 6.17585E-5 4.63869E-5 3.48411E-5 2.61691E-5 1.96554E-5 1.47629E-5 1.10882E-5 8.32812E-6 6.25509E-6 4.69803E-6 3.52857E-6 2.65019E-6 1.99049E-6 1.49499E-6 1.12283E-6 8.43323E-7 6.33385E-7 4.7571E-7 3.57286E-7 2.68343E-7 2.01541E-7 1.51368E-7 1.13686E-7 8.53842E-8 6.4128E-8 4.81634E-8 3.61732E-8 2.71679E-8 2.04043E-8 1.62857E-8 1.32024E-8 1.06818E-8 8.62604E-9 6.95304E-9 5.59456E-9 4.49374E-9 3.60347E-9 2.88494E-9 2.30607E-9 1.84056E-9 1.46686E-9
6.03425E-3 4.53528E-3 3.40802E-3 2.56059E-3 1.92368E-3 1.44507E-3 1.08548E-3 8.15329E-4 6.12393E-4 4.59956E-4 3.45457E-4 2.59458E-4 1.94865E-4 1.46352E-4 1.09915E-4 8.25502E-5 6.19977E-5 4.65621E-5 3.49694E-5 2.62629E-5 1.97241E-5 1.48133E-5 1.11252E-5 8.35526E-6 6.275E-6 4.71267E-6 3.53933E-6 2.65812E-6 1.99631E-6 1.49927E-6 1.12599E-6 8.45644E-7 6.35098E-7 4.76973E-7 3.58218E-7 2.6903E-7 2.02048E-7 1.51743E-7 1.13962E-7 8.55882E-8 6.42787E-8 4.82748E-8 3.6921E-8 3.00528E-8 2.441E-8 1.97855E-8 1.60049E-8 1.29216E-8 1.04127E-8 8.37577E-9 6.72545E-9 5.39119E-9 4.31454E-9 3.44743E-9 2.75037E-9 2.19098E-9 1.74287E-9
5.9934E-3 4.50594E-3 3.38692E-3 2.54539E-3 1.91271E-3 1.43715E-3 1.07974E-3 8.11174E-4 6.09379E-4 4.57768E-4 3.43866E-4 2.583E-4 1.94022E-4 1.45737E-4 1.09467E-4 8.22223E-5 6.17585E-5 4.63869E-5 3.48411E-5 2.61691E-5 1.96554E-5 1.47629E-5 1.10882E-5 8.32812E-6 6.25509E-6 4.69803E-6 3.52857E-6 2.65019E-6 1.99049E-6 1.49499E-6 1.12283E-6 8.43323E-7 6.33385E-7 4.7571E-7 3.57286E-7 2.68343E-7 2.01541E-7 1.51368E-7 1.13686E-7 8.53842E-8 6.78497E-8 5.53493E-8 4.505E-8 3.65867E-8 2.96502E-8 2.39798E-8 1.93554E-8 1.55931E-8 1.25388E-8 1.00648E-8 8.06513E-9 6.45196E-9 5.15313E-9 4.10936E-9 3.27211E-9 2.60164E-9 2.06563E-9
5.87277E-3 4.41924E-3 3.32451E-3 2.5004E-3 1.88022E-3 1.41366E-3 1.06274E-3 7.98851E-4 6.00437E-4 4.51271E-4 3.39142E-4 2.54861E-4 1.91516E-4 1.4391E-4 1.08133E-4 8.12488E-5 6.10466E-5 4.58661E-5 3.44602E-5 2.58899E-5 1.94506E-5 1.46128E-5 1.0978E-5 8.24727E-6 6.19567E-6 4.65439E-6 3.49649E-6 2.6266E-6 1.97312E-6 1.48222E-6 1.11342E-6 8.3639E-7 6.28274E-7 4.71943E-7 3.54508E-7 2.66294E-7 2.00029E-7 1.51743E-7 1.24392E-7 1.01718E-7 8.29766E-8 6.75306E-8 5.48367E-8 4.4433E-8 3.59275E-8 2.89918E-8 2.33495E-8 1.87699E-8 1.50613E-8 1.20641E-8 9.64713E-9 7.70179E-9 6.13905E-9 4.88592E-9 3.88288E-9 3.08134E-9 2.44193E-9
5.67793E-3 4.279E-3 3.22342E-3 2.42742E-3 1.82747E-3 1.37548E-3 1.03507E-3 7.78778E-4 5.85857E-4 4.40672E-4 3.31428E-4 2.49242E-4 1.87419E-4 1.4092E-4 1.0595E-4 7.96526E-5 5.98793E-5 4.50122E-5 3.38348E-5 2.54317E-5 1.91148E-5 1.43664E-5 1.07971E-5 8.1144E-6 6.09806E-6 4.58263E-6 3.44373E-6 2.58778E-6 1.94454E-6 1.46116E-6 1.09792E-6 8.24966E-7 6.19858E-7 4.65736E-7 3.49929E-7 2.76709E-7 2.2746E-7 1.86482E-7 1.52493E-7 1.24392E-7 1.01229E-7 8.21899E-8 6.6584E-8 5.38266E-8 4.34239E-8 3.49621E-8 2.80956E-8 2.25359E-8 1.80443E-8 1.44231E-8 1.15095E-8 9.16989E-9 7.29448E-9 5.79405E-9 4.59558E-9 3.63996E-9 2.87918E-9
5.41764E-3 4.0912E-3 3.08776E-3 2.3293E-3 1.75642E-3 1.32397E-3 9.97692E-4 7.51621E-4 5.66108E-4 4.26295E-4 3.20954E-4 2.41604E-4 1.81845E-4 1.36849E-4 1.02975E-4 7.74769E-5 5.82864E-5 4.38458E-5 3.29797E-5 2.48048E-5 1.86549E-5 1.40288E-5 1.05493E-5 7.93231E-6 5.96418E-6 4.48416E-6 3.37127E-6 2.53447E-6 1.90528E-6 1.43225E-6 1.07661E-6 8.09252E-7 6.08272E-7 5.02991E-7 4.14712E-7 3.40959E-7 2.7956E-7 2.28615E-7 1.86482E-7 1.51743E-7 1.23185E-7 9.9777E-8 8.06406E-8 6.50377E-8 5.23478E-8 4.20519E-8 3.37175E-8 2.69863E-8 2.15609E-8 1.71976E-8 1.36948E-8 1.08885E-8 8.64418E-9 6.8525E-9 5.42453E-9 4.28831E-9 3.38564E-9
5.10306E-3 3.86356E-3 2.92286E-3 2.20974E-3 1.66964E-3 1.26093E-3 9.51847E-4 7.18253E-4 5.41801E-4 4.08574E-4 3.08024E-4 2.32163E-4 1.74946E-4 1.31805E-4 9.92833E-5 7.47739E-5 5.63066E-5 4.23941E-5 3.19152E-5 2.40234E-5 1.80811E-5 1.36074E-5 1.02395E-5 7.70459E-6 5.79666E-6 4.36091E-6 3.28053E-6 2.46764E-6 1.85605E-6 1.39596E-6 1.09792E-6 9.11068E-7 7.53639E-7 6.21529E-7 5.11087E-7 4.19097E-7 3.42734E-7 2.7956E-7 2.2746E-7 1.84626E-7 1.49513E-7 1.20808E-7 9.7405E-8 7.83742E-8 6.29359E-8 5.04423E-8 4.03549E-8 3.22271E-8 2.56927E-8 2.04494E-8 1.62503E-8 1.28938E-8 1.02155E-8 8.08208E-9 6.38536E-9 5.03826E-9 3.97023E-9
4.74692E-3 3.6049E-3 2.73486E-3 2.073E-3 1.57012E-3 1.18844E-3 8.99006E-4 6.79708E-4 5.13664E-4 3.88021E-4 2.93001E-4 2.21174E-4 1.66903E-4 1.25914E-4 9.49674E-5 7.161E-5 5.39854E-5 4.06907E-5 3.06644E-5 2.31046E-5 1.74059E-5 1.31109E-5 9.87423E-6 7.43578E-6 5.5988E-6 4.21516E-6 3.17315E-6 2.38851E-6 1.97312E-6 1.64362E-6 1.36452E-6 1.12915E-6 9.31475E-7 7.66105E-7 6.28274E-7 5.13821E-7 4.19097E-7 3.40959E-7 2.76709E-7 2.24036E-7 1.80976E-7 1.45873E-7 1.17332E-7 9.41843E-8 7.54558E-8 6.03391E-8 4.81634E-8 3.83783E-8 3.05301E-8 2.42477E-8 1.92283E-8 1.52253E-8 1.20384E-8 9.50529E-9 7.49525E-9 5.90267E-9 4.6427E-9
4.36252E-3 3.32451E-3 2.53029E-3 1.92368E-3 1.46107E-3 1.10876E-3 8.40768E-4 6.37114E-4 4.82496E-4 3.65202E-4 2.76285E-4 2.08923E-4 1.5792E-4 1.19325E-4 9.0131E-5 6.80585E-5 5.13766E-5 3.87731E-5 2.92545E-5 2.20677E-5 1.66429E-5 1.25492E-5 9.46068E-6 7.13108E-6 5.37425E-6 4.20218E-6 3.52857E-6 2.95176E-6 2.46032E-6 2.04356E-6 1.69171E-6 1.39596E-6 1.14835E-6 9.41863E-7 7.70306E-7 6.28274E-7 5.11087E-7 4.14712E-7 3.35696E-7 2.71102E-7 2.18447E-7 1.75643E-7 1.40936E-7 1.12861E-7 9.02078E-8 7.19699E-8 5.73174E-8 4.55711E-8 3.61732E-8 2.86682E-8 2.26861E-8 1.79264E-8 1.41453E-8 1.11468E-8 8.77258E-9 6.89541E-9 5.4134E-9
3.96289E-3 3.03164E-3 2.31566E-3 1.76638E-3 1.34577E-3 1.02423E-3 7.78778E-4 5.91641E-4 4.49129E-4 3.40709E-4 2.583E-4 1.95712E-4 1.48213E-4 1.12189E-4 8.48838E-5 6.41985E-5 4.85358E-5 3.66824E-5 2.77148E-5 2.09335E-5 1.58071E-5 1.19332E-5 9.00649E-6 7.43578E-6 6.275E-6 5.27395E-6 4.41523E-6 3.6825E-6 3.06031E-6 2.53447E-6 2.092E-6 1.7213E-6 1.41196E-6 1.15482E-6 9.41863E-7 7.66105E-7 6.21529E-7 5.02991E-7 4.06091E-7 3.27112E-7 2.62915E-7 2.10872E-7 1.6879E-7 1.34845E-7 1.07526E-7 8.55882E-8 6.80092E-8 5.39516E-8 4.27319E-8 3.37939E-8 2.66864E-8 2.10437E-8 1.65719E-8 1.30332E-8 1.02373E-8 8.03133E-9 6.29345E-9
3.56004E-3 2.73486E-3 2.09713E-3 1.60551E-3 1.22737E-3 9.37097E-4 7.1465E-4 5.44444E-4 4.14389E-4 3.15134E-4 2.3947E-4 1.81845E-4 1.37999E-4 1.04664E-4 7.93377E-5 6.01105E-5 4.55225E-5 3.44602E-5 2.60756E-5 1.97241E-5 1.53277E-5 1.30666E-5 1.10882E-5 9.36786E-6 7.88107E-6 6.60334E-6 5.51127E-6 4.58263E-6 3.79688E-6 3.13504E-6 2.58009E-6 2.11669E-6 1.73129E-6 1.41196E-6 1.14835E-6 9.31475E-7 7.53639E-7 6.08272E-7 4.89798E-7 3.9352E-7 3.15485E-7 2.52406E-7 2.01541E-7 1.60621E-7 1.27778E-7 1.01473E-7 8.04492E-8 6.36784E-8 5.03259E-8 3.97145E-8 3.1296E-8 2.46281E-8 1.93554E-8 1.51923E-8 1.19102E-8 9.32611E-9 7.29448E-9
3.16446E-3 2.44182E-3 1.88022E-3 1.44507E-3 1.10876E-3 8.49444E-4 6.49892E-4 4.96611E-4 3.79062E-4 2.89046E-4 2.20204E-4 1.67618E-4 1.27492E-4 9.69028E-5 7.36063E-5 5.58767E-5 4.23941E-5 3.21484E-5 2.65464E-5 2.27801E-5 1.94506E-5 1.65287E-5 1.39813E-5 1.17745E-5 9.87423E-6 8.24727E-6 6.86174E-6 5.68783E-6 4.69803E-6 3.86732E-6 3.17315E-6 2.59549E-6 2.11669E-6 1.7213E-6 1.39596E-6 1.12915E-6 9.11068E-7 7.33346E-7 5.88946E-7 4.71943E-7 3.77394E-7 3.01177E-7 2.39892E-7 1.90726E-7 1.51368E-7 1.19929E-7 9.48645E-8 7.49219E-8 5.90831E-8 4.65256E-8 3.65867E-8 2.87326E-8 2.25359E-8 1.76541E-8 1.38135E-8 1.07962E-8 8.4287E-9
2.78472E-3 2.15886E-3 1.66964E-3 1.28852E-3 9.92477E-4 7.63126E-4 5.85857E-4 4.49129E-4 3.43866E-4 2.62966E-4 2.00883E-4 1.53307E-4 1.16892E-4 8.90537E-5 6.77934E-5 5.23631E-5 4.55225E-5 3.93525E-5 3.38348E-5 2.89393E-5 2.46289E-5 2.08603E-5 1.75872E-5 1.47629E-5 1.23401E-5 1.02735E-5 8.5201E-6 7.04005E-6 5.79666E-6 4.75691E-6 3.89112E-6 3.17315E-6 2.58009E-6 2.092E-6 1.69171E-6 1.36452E-6 1.09792E-6 8.81348E-7 7.05911E-7 5.64193E-7 4.49998E-7 3.58218E-7 2.84622E-7 2.25741E-7 1.78735E-7 1.41282E-7 1.11502E-7 8.78659E-8 6.91401E-8 5.43293E-8 4.26342E-8 3.34138E-8 2.61553E-8 2.04494E-8 1.59701E-8 1.24584E-8 9.70865E-9
2.44182E-3 1.89098E-3 1.46915E-3 1.13867E-3 8.80616E-4 6.79708E-4 5.23703E-4 4.02851E-4 3.09432E-4 2.37356E-4 1.81845E-4 1.3916E-4 1.06383E-4 8.79901E-5 7.71713E-5 6.72662E-5 5.82864E-5 5.02189E-5 4.30325E-5 3.66824E-5 3.11128E-5 2.62629E-5 2.20677E-5 1.84614E-5 1.53802E-5 1.2762E-5 1.05493E-5 8.68844E-6 7.13108E-6 5.83346E-6 4.75691E-6 3.86732E-6 3.13504E-6 2.53447E-6 2.04356E-6 1.64362E-6 1.31878E-6 1.05574E-6 8.43323E-7 6.72239E-7 5.34795E-7 4.24641E-7 3.36568E-7 2.66294E-7 2.10343E-7 1.65882E-7 1.30621E-7 1.02703E-7 8.06406E-8 6.32322E-8 4.95174E-8 3.87297E-8 3.02563E-8 2.36099E-8 1.84033E-8 1.433E-8 1.11468E-8
2.15886E-3 1.66964E-3 1.28852E-3 9.97692E-4 7.74832E-4 6.00437E-4 4.64368E-4 3.58484E-4 2.76285E-4 2.12611E-4 1.63384E-4 1.45737E-4 1.2909E-4 1.13577E-4 9.92833E-5 8.62491E-5 7.44796E-5 6.39496E-5 5.46078E-5 4.63869E-5 3.92066E-5 3.29797E-5 2.76153E-5 2.30229E-5 1.91148E-5 1.58071E-5 1.30227E-5 1.06902E-5 8.74534E-6 7.13108E-6 5.79666E-6 4.69803E-6 3.79688E-6 3.06031E-6 2.46032E-6 1.97312E-6 1.57872E-6 1.26033E-6 1.00403E-6 7.98229E-7 6.33385E-7 5.01654E-7 3.96623E-7 3.13053E-7 2.46691E-7 1.941E-7 1.52493E-7 1.19637E-7 9.37333E-8 7.33435E-8 5.73174E-8 4.47402E-8 3.48832E-8 2.71679E-8 2.11369E-8 1.64281E-8 1.2756E-8
1.89098E-3 1.46915E-3 1.13867E-3 8.80616E-4 6.79708E-4 5.26246E-4 4.08574E-4 3.16578E-4 2.62966E-4 2.37356E-4 2.12611E-4 1.89046E-4 1.66903E-4 1.46352E-4 1.27492E-4 1.10366E-4 9.49674E-5 8.12488E-5 6.91301E-5 5.8511E-5 4.92765E-5 4.13014E-5 3.44602E-5 2.86278E-5 2.36849E-5 1.95187E-5 1.60254E-5 1.31109E-5 1.06902E-5 8.68844E-6 7.04005E-6 5.68783E-6 4.58263E-6 3.6825E-6 2.95176E-6 2.36041E-6 1.88323E-6 1.49927E-6 1.19114E-6 9.44474E-7 7.47492E-7 5.90533E-7 4.65736E-7 3.66714E-7 2.88299E-7 2.26312E-7 1.77402E-7 1.38873E-7 1.08571E-7 8.47752E-8 6.61161E-8 5.15053E-8 4.00789E-8 3.1155E-8 2.41938E-8 1.87699E-8 1.45484E-8
1.64181E-3 1.28156E-3 9.97692E-4 7.74832E-4 6.00437E-4 4.64368E-4 4.14389E-4 3.79062E-4 3.43866E-4 3.09432E-4 2.76285E-4 2.44845E-4 2.15424E-4 1.88231E-4 1.63384E-4 1.4092E-4 1.20811E-4 1.02975E-4 8.72892E-5 7.36063E-5 6.17585E-5 5.15721E-5 4.28722E-5 3.54868E-5 2.92545E-5 2.40234E-5 1.96554E-5 1.60254E-5 1.30227E-5 1.05493E-5 8.5201E-6 6.86174E-6 5.51127E-6 4.41523E-6 3.52857E-6 2.81343E-6 2.23829E-6 1.77699E-6 1.40793E-6 1.11342E-6 8.7892E-7 6.9261E-7 5.44893E-7 4.2801E-7 3.35696E-7 2.62915E-7 2.05633E-7 1.60621E-7 1.25306E-7 9.76395E-8 7.59943E-8 5.90831E-8 4.58871E-8 3.56026E-8 2.75968E-8 2.13714E-8 1.65357E-8
