test/answer/prey_maxent/쇠박새.asc
ncols         567
nrows         515
xllcorner     947975.0
yllcorner     1913749.0
cellsize      30.0
NODATA_value  -9999
[rows 225 to 249 of 515, columns 114 to 170 of 567]
4.4615E-1 4.36926E-1 4.10904E-1 3.7234E-1 3.51672E-1 3.32604E-1 3.03931E-1 3.03931E-1 3.7234E-1 4.4615E-1 5.19986E-1 5.85552E-1 6.32121E-1 6.67231E-1 7.28469E-1 8.07864E-1 8.439E-1 9.15666E-1 8.439E-1 7.52128E-1 6.49207E-1 5.44674E-1 4.4615E-1 3.58374E-1 2.83421E-1 2.21426E-1 1.71364E-1 1.31661E-1 1.00597E-1 7.65389E-2 5.80484E-2 4.39186E-2 3.31676E-2 2.50139E-2 1.88451E-2 1.41866E-2 1.06734E-2 8.02666E-3 6.03425E-3 4.53528E-3 3.40802E-3 2.56059E-3 1.92368E-3 1.44507E-3 1.08548E-3 9.97692E-4 1.13867E-3 1.28852E-3 1.44507E-3 1.60551E-3 1.76638E-3 1.92368E-3 2.073E-3 2.20974E-3 2.3293E-3 2.42742E-3 2.5004E-3
3.58374E-1 3.51672E-1 3.32604E-1 3.03931E-1 2.78594E-1 2.64777E-1 2.78594E-1 3.32604E-1 4.10904E-1 4.9705E-1 5.85552E-1 6.67231E-1 7.28469E-1 7.52128E-1 8.07864E-1 8.439E-1 9.15666E-1 8.439E-1 8.07864E-1 7.28469E-1 6.32121E-1 5.32097E-1 4.36926E-1 3.51672E-1 2.78594E-1 2.17975E-1 1.6891E-1 1.29921E-1 9.93657E-2 7.56679E-2 5.74322E-2 4.34822E-2 3.28581E-2 2.47941E-2 1.86887E-2 1.40751E-2 1.05938E-2 7.96968E-3 5.9934E-3 4.50594E-3 3.38692E-3 2.54539E-3 1.91271E-3 1.43715E-3 1.07974E-3 8.11174E-4 8.80616E-4 9.92477E-4 1.10876E-3 1.22737E-3 1.34577E-3 1.46107E-3 1.57012E-3 1.66964E-3 1.75642E-3 1.82747E-3 1.88022E-3
2.83421E-1 2.78594E-1 2.64777E-1 2.43761E-1 2.3223E-1 2.78594E-1 3.26574E-1 3.87105E-1 4.4615E-1 5.32097E-1 6.32121E-1 7.28469E-1 8.07864E-1 8.439E-1 8.439E-1 9.15666E-1 8.439E-1 8.07864E-1 7.28469E-1 6.67231E-1 5.85552E-1 4.9705E-1 4.10904E-1 3.32604E-1 2.64777E-1 2.08048E-1 1.6182E-1 1.24877E-1 9.57854E-2 7.31289E-2 5.56317E-2 4.22046E-2 3.19506E-2 2.41485E-2 1.82287E-2 1.37468E-2 1.0359E-2 7.80154E-3 5.87277E-3 4.41924E-3 3.32451E-3 2.5004E-3 1.88022E-3 1.41366E-3 1.06274E-3 7.98851E-4 6.79708E-4 7.63126E-4 8.49444E-4 9.37097E-4 1.02423E-3 1.10876E-3 1.18844E-3 1.26093E-3 1.32397E-3 1.37548E-3 1.41366E-3
2.21426E-1 2.17975E-1 2.08048E-1 2.17975E-1 2.69276E-1 3.26574E-1 3.87105E-1 4.4615E-1 5.19986E-1 5.85552E-1 6.67231E-1 7.52128E-1 8.439E-1 9.15666E-1 9.15666E-1 8.439E-1 8.07864E-1 7.28469E-1 6.67231E-1 5.85552E-1 5.19986E-1 4.4615E-1 3.7234E-1 3.03931E-1 2.43761E-1 1.92805E-1 1.50848E-1 1.17019E-1 9.01754E-2 6.91308E-2 5.27842E-2 4.01764E-2 3.05049E-2 2.3117E-2 1.74918E-2 1.32196E-2 9.98125E-3 7.53045E-3 5.67793E-3 4.279E-3 3.22342E-3 2.42742E-3 1.82747E-3 1.37548E-3 1.03507E-3 7.78778E-4 5.85857E-4 5.85857E-4 6.49892E-4 7.1465E-4 7.78778E-4 8.40768E-4 8.99006E-4 9.51847E-4 9.97692E-4 1.03507E-3 1.06274E-3
1.71364E-1 1.6891E-1 1.95732E-1 2.43761E-1 3.03931E-1 3.7234E-1 4.4615E-1 5.19986E-1 5.85552E-1 6.67231E-1 7.28469E-1 8.07864E-1 8.439E-1 8.439E-1 8.439E-1 8.07864E-1 7.28469E-1 6.67231E-1 5.85552E-1 5.19986E-1 4.4615E-1 3.87105E-1 3.26574E-1 2.69276E-1 2.17975E-1 1.73865E-1 1.37065E-1 1.07055E-1 8.30037E-2 6.39829E-2 4.90947E-2 3.75338E-2 2.86121E-2 2.17606E-2 1.6519E-2 1.25212E-2 9.47928E-3 7.16921E-3 5.41764E-3 4.0912E-3 3.08776E-3 2.3293E-3 1.75642E-3 1.32397E-3 9.97692E-4 7.51621E-4 5.66108E-4 4.49129E-4 4.96611E-4 5.44444E-4 5.91641E-4 6.37114E-4 6.79708E-4 7.18253E-4 7.51621E-4 7.78778E-4 7.98851E-4
1.6182E-1 1.95732E-1 2.3223E-1 2.78594E-1 3.32604E-1 4.10904E-1 4.9705E-1 5.85552E-1 6.67231E-1 7.28469E-1 8.07864E-1 8.439E-1 9.15666E-1 8.439E-1 7.52128E-1 7.28469E-1 6.67231E-1 5.85552E-1 5.19986E-1 4.4615E-1 3.87105E-1 3.26574E-1 2.78594E-1 2.3223E-1 1.89937E-1 1.52962E-1 1.21654E-1 9.57854E-2 7.48094E-2 5.80484E-2 4.48077E-2 3.44416E-2 2.63834E-2 2.01546E-2 1.53614E-2 1.16864E-2 8.87683E-3 6.73409E-3 5.10306E-3 3.86356E-3 2.92286E-3 2.20974E-3 1.66964E-3 1.26093E-3 9.51847E-4 7.18253E-4 5.41801E-4 4.08574E-4 4.14389E-4 4.49129E-4 4.82496E-4 5.13664E-4 5.41801E-4 5.66108E-4 5.85857E-4 6.00437E-4 6.09379E-4
1.95732E-1 2.3223E-1 2.78594E-1 3.26574E-1 3.87105E-1 4.4615E-1 5.32097E-1 6.32121E-1 7.28469E-1 8.07864E-1 8.439E-1 9.15666E-1 8.439E-1 8.07864E-1 7.28469E-1 6.32121E-1 5.85552E-1 5.19986E-1 4.4615E-1 3.87105E-1 3.26574E-1 2.78594E-1 2.3223E-1 1.95732E-1 1.6182E-1 1.31661E-1 1.05722E-1 8.39828E-2 6.61283E-2 5.1696E-2 4.01764E-2 3.10734E-2 2.39379E-2 1.83806E-2 1.40751E-2 1.07537E-2 8.2005E-3 6.24343E-3 4.74692E-3 3.6049E-3 2.73486E-3 2.073E-3 1.57012E-3 1.18844E-3 8.99006E-4 6.79708E-4 5.13664E-4 4.96611E-4 5.44444E-4 5.91641E-4 6.37114E-4 6.79708E-4 7.18253E-4 7.51621E-4 7.78778E-4 7.98851E-4 8.11174E-4
2.3223E-1 2.78594E-1 3.26574E-1 3.87105E-1 4.4615E-1 5.19986E-1 5.85552E-1 6.67231E-1 7.52128E-1 8.439E-1 9.15666E-1 8.439E-1 8.07864E-1 7.28469E-1 6.67231E-1 5.85552E-1 4.9705E-1 4.4615E-1 3.87105E-1 3.26574E-1 2.78594E-1 2.3223E-1 1.95732E-1 1.6182E-1 1.35232E-1 1.11186E-1 9.01754E-2 7.23065E-2 5.74322E-2 4.52606E-2 3.54364E-2 2.75945E-2 2.13908E-2 1.6519E-2 1.27162E-2 9.76239E-3 7.47757E-3 5.71629E-3 4.36252E-3 3.32451E-3 2.53029E-3 1.92368E-3 1.46107E-3 1.10876E-3 8.40768E-4 6.37114E-4 5.85857E-4 6.49892E-4 7.1465E-4 7.78778E-4 8.40768E-4 8.99006E-4 9.51847E-4 9.97692E-4 1.03507E-3 1.06274E-3 1.07974E-3
2.78594E-1 3.26574E-1 3.87105E-1 4.4615E-1 5.19986E-1 5.85552E-1 6.67231E-1 7.28469E-1 8.07864E-1 8.439E-1 9.15666E-1 8.439E-1 7.52128E-1 6.67231E-1 5.85552E-1 5.19986E-1 4.4615E-1 3.7234E-1 3.26574E-1 2.78594E-1 2.3223E-1 1.95732E-1 1.6182E-1 1.35232E-1 1.11186E-1 9.23678E-2 7.56679E-2 6.12561E-2 4.90947E-2 3.90167E-2 3.07876E-2 2.41485E-2 1.88451E-2 1.46432E-2 1.13366E-2 8.74913E-3 6.73409E-3 5.1711E-3 3.96289E-3 3.03164E-3 2.31566E-3 1.76638E-3 1.34577E-3 1.02423E-3 7.78778E-4 6.79708E-4 7.63126E-4 8.49444E-4 9.37097E-4 1.02423E-3 1.10876E-3 1.18844E-3 1.26093E-3 1.32397E-3 1.37548E-3 1.41366E-3 1.43715E-3
3.26574E-1 3.87105E-1 4.4615E-1 5.19986E-1 5.85552E-1 6.67231E-1 7.28469E-1 8.07864E-1 8.439E-1 9.15666E-1 8.439E-1 8.07864E-1 7.28469E-1 6.32121E-1 5.32097E-1 4.4615E-1 3.87105E-1 3.26574E-1 2.69276E-1 2.3223E-1 1.95732E-1 1.6182E-1 1.35232E-1 1.11186E-1 9.23678E-2 7.56679E-2 6.26009E-2 5.11623E-2 4.13786E-2 3.31676E-2 2.63834E-2 2.08501E-2 1.63854E-2 1.2815E-2 9.98125E-3 7.74643E-3 5.9934E-3 4.62461E-3 3.56004E-3 2.73486E-3 2.09713E-3 1.60551E-3 1.22737E-3 9.37097E-4 7.74832E-4 8.80616E-4 9.92477E-4 1.10876E-3 1.22737E-3 1.34577E-3 1.46107E-3 1.57012E-3 1.66964E-3 1.75642E-3 1.82747E-3 1.88022E-3 1.91271E-3
3.87105E-1 4.4615E-1 5.19986E-1 5.85552E-1 6.67231E-1 7.28469E-1 8.07864E-1 8.439E-1 9.15666E-1 8.439E-1 8.07864E-1 7.28469E-1 6.67231E-1 5.85552E-1 4.9705E-1 4.10904E-1 3.32604E-1 2.78594E-1 2.3223E-1 1.89937E-1 1.6182E-1 1.35232E-1 1.11186E-1 9.23678E-2 7.56679E-2 6.26009E-2 5.11623E-2 4.22046E-2 3.44416E-2 2.78447E-2 2.23299E-2 1.77822E-2 1.40751E-2 1.10823E-2 8.68609E-3 6.78088E-3 5.27513E-3 4.0912E-3 3.16446E-3 2.44182E-3 1.88022E-3 1.44507E-3 1.10876E-3 8.67102E-4 9.97692E-4 1.13867E-3 1.28852E-3 1.44507E-3 1.60551E-3 1.76638E-3 1.92368E-3 2.073E-3 2.20974E-3 2.3293E-3 2.42742E-3 2.5004E-3 2.54539E-3
4.4615E-1 5.19986E-1 5.85552E-1 6.67231E-1 7.28469E-1 8.07864E-1 8.439E-1 9.15666E-1 8.439E-1 8.07864E-1 7.28469E-1 6.67231E-1 5.85552E-1 5.19986E-1 4.4615E-1 3.7234E-1 3.03931E-1 2.43761E-1 1.95732E-1 1.6182E-1 1.31661E-1 1.11186E-1 9.23678E-2 7.56679E-2 6.26009E-2 5.11623E-2 4.22046E-2 3.44416E-2 2.83535E-2 2.3117E-2 1.86887E-2 1.49972E-2 1.19571E-2 9.47928E-3 7.47757E-3 5.87277E-3 4.59461E-3 3.58238E-3 2.78472E-3 2.15886E-3 1.66964E-3 1.28852E-3 9.92477E-4 1.10876E-3 1.28156E-3 1.46915E-3 1.66964E-3 1.88022E-3 2.09713E-3 2.31566E-3 2.53029E-3 2.73486E-3 2.92286E-3 3.08776E-3 3.22342E-3 3.32451E-3 3.38692E-3
5.19986E-1 5.85552E-1 6.67231E-1 7.28469E-1 8.07864E-1 8.439E-1 9.15666E-1 8.439E-1 8.07864E-1 7.28469E-1 6.67231E-1 5.85552E-1 5.19986E-1 4.4615E-1 3.87105E-1 3.26574E-1 2.69276E-1 2.17975E-1 1.73865E-1 1.37065E-1 1.11186E-1 9.01754E-2 7.56679E-2 6.26009E-2 5.11623E-2 4.22046E-2 3.44416E-2 2.83535E-2 2.3117E-2 1.90031E-2 1.54852E-2 1.25212E-2 1.00555E-2 8.02666E-3 6.37299E-3 5.03607E-3 3.96289E-3 3.10673E-3 2.42742E-3 1.89098E-3 1.46915E-3 1.13867E-3 1.20773E-3 1.41366E-3 1.64181E-3 1.89098E-3 2.15886E-3 2.44182E-3 2.73486E-3 3.03164E-3 3.32451E-3 3.6049E-3 3.86356E-3 4.0912E-3 4.279E-3 4.41924E-3 4.50594E-3
5.85552E-1 6.67231E-1 7.28469E-1 8.07864E-1 8.439E-1 9.15666E-1 8.439E-1 8.07864E-1 7.28469E-1 6.67231E-1 5.85552E-1 5.19986E-1 4.4615E-1 3.87105E-1 3.26574E-1 2.78594E-1 2.3223E-1 1.89937E-1 1.52962E-1 1.21654E-1 9.57854E-2 7.56679E-2 6.12561E-2 5.11623E-2 4.22046E-2 3.44416E-2 2.83535E-2 2.3117E-2 1.90031E-2 1.54852E-2 1.27162E-2 1.0359E-2 8.37878E-3 6.73409E-3 5.3816E-3 4.279E-3 3.38692E-3 2.66997E-3 2.09713E-3 1.64181E-3 1.28156E-3 1.28852E-3 1.52712E-3 1.79663E-3 2.09713E-3 2.42742E-3 2.78472E-3 3.16446E-3 3.56004E-3 3.96289E-3 4.36252E-3 4.74692E-3 5.10306E-3 5.41764E-3 5.67793E-3 5.87277E-3 5.9934E-3
6.67231E-1 7.28469E-1 8.07864E-1 8.439E-1 9.15666E-1 8.439E-1 8.07864E-1 7.28469E-1 6.67231E-1 5.85552E-1 5.19986E-1 4.4615E-1 3.87105E-1 3.26574E-1 2.78594E-1 2.3223E-1 1.95732E-1 1.6182E-1 1.31661E-1 1.05722E-1 8.39828E-2 6.61283E-2 5.1696E-2 4.13786E-2 3.44416E-2 2.83535E-2 2.3117E-2 1.90031E-2 1.54852E-2 1.27162E-2 1.0359E-2 8.50015E-3 6.92356E-3 5.60211E-3 4.50594E-3 3.6049E-3 2.87016E-3 2.27527E-3 1.79663E-3 1.41366E-3 1.34577E-3 1.6145E-3 1.92368E-3 2.27527E-3 2.66997E-3 3.10673E-3 3.58238E-3 4.0912E-3 4.62461E-3 5.1711E-3 5.71629E-3 6.24343E-3 6.73409E-3 7.16921E-3 7.53045E-3 7.80154E-3 7.96968E-3
7.52128E-1 8.07864E-1 8.439E-1 9.15666E-1 8.439E-1 8.07864E-1 7.28469E-1 6.67231E-1 5.85552E-1 5.19986E-1 4.4615E-1 3.87105E-1 3.26574E-1 2.78594E-1 2.3223E-1 1.95732E-1 1.6182E-1 1.35232E-1 1.11186E-1 9.01754E-2 7.23065E-2 5.74322E-2 4.52606E-2 3.54364E-2 2.78447E-2 2.3117E-2 1.90031E-2 1.54852E-2 1.27162E-2 1.0359E-2 8.50015E-3 6.92356E-3 5.67793E-3 4.62461E-3 3.74343E-3 3.01319E-3 2.41312E-3 1.92368E-3 1.52712E-3 1.37548E-3 1.66964E-3 2.01406E-3 2.41312E-3 2.87016E-3 3.38692E-3 3.96289E-3 4.59461E-3 5.27513E-3 5.9934E-3 6.73409E-3 7.47757E-3 8.2005E-3 8.87683E-3 9.47928E-3 9.98125E-3 1.0359E-2 1.05938E-2
8.439E-1 8.439E-1 9.15666E-1 8.439E-1 8.07864E-1 7.28469E-1 6.67231E-1 5.85552E-1 5.19986E-1 4.4615E-1 3.87105E-1 3.26574E-1 2.78594E-1 2.3223E-1 1.95732E-1 1.6182E-1 1.35232E-1 1.11186E-1 9.23678E-2 7.56679E-2 6.12561E-2 4.90947E-2 3.90167E-2 3.07876E-2 2.41485E-2 1.88451E-2 1.54852E-2 1.27162E-2 1.0359E-2 8.50015E-3 6.92356E-3 5.67793E-3 4.62461E-3 3.79096E-3 3.08776E-3 2.5004E-3 2.01406E-3 1.6145E-3 1.37548E-3 1.6885E-3 2.06106E-3 2.5004E-3 3.01319E-3 3.6049E-3 4.279E-3 5.03607E-3 5.87277E-3 6.78088E-3 7.74643E-3 8.74913E-3 9.76239E-3 1.07537E-2 1.16864E-2 1.25212E-2 1.32196E-2 1.37468E-2 1.40751E-2
9.15666E-1 8.439E-1 8.439E-1 8.07864E-1 7.52128E-1 7.28469E-1 6.67231E-1 5.85552E-1 5.19986E-1 4.4615E-1 3.87105E-1 3.26574E-1 2.69276E-1 2.17975E-1 1.73865E-1 1.37065E-1 1.11186E-1 9.23678E-2 7.56679E-2 6.26009E-2 5.1696E-2 4.52606E-2 3.90167E-2 3.31676E-2 2.78447E-2 2.3117E-2 1.90031E-2 1.54852E-2 1.25212E-2 1.00555E-2 8.02666E-3 6.37299E-3 5.03607E-3 3.96289E-3 3.10673E-3 2.42742E-3 1.89098E-3 1.46915E-3 1.6885E-3 2.06106E-3 2.53029E-3 3.08776E-3 3.74343E-3 4.50594E-3 5.3816E-3 6.37299E-3 7.47757E-3 8.68609E-3 9.98125E-3 1.13366E-2 1.27162E-2 1.40751E-2 1.53614E-2 1.6519E-2 1.74918E-2 1.82287E-2 1.86887E-2
8.439E-1 8.439E-1 9.15666E-1 8.439E-1 8.439E-1 8.07864E-1 7.28469E-1 6.67231E-1 5.85552E-1 5.19986E-1 4.4615E-1 3.7234E-1 3.03931E-1 2.43761E-1 1.92805E-1 1.52962E-1 1.21654E-1 9.57854E-2 8.30037E-2 7.48094E-2 6.61283E-2 5.74322E-2 4.90947E-2 4.13786E-2 3.44416E-2 2.83535E-2 2.3117E-2 1.86887E-2 1.49972E-2 1.19571E-2 9.47928E-3 7.47757E-3 5.87277E-3 4.59461E-3 3.58238E-3 2.78472E-3 2.15886E-3 1.66964E-3 2.06106E-3 2.53029E-3 3.08776E-3 3.79096E-3 4.62461E-3 5.60211E-3 6.73409E-3 8.02666E-3 9.47928E-3 1.10823E-2 1.2815E-2 1.46432E-2 1.6519E-2 1.83806E-2 2.01546E-2 2.17606E-2 2.3117E-2 2.41485E-2 2.47941E-2
7.52128E-1 8.07864E-1 8.439E-1 8.439E-1 9.15666E-1 8.439E-1 8.07864E-1 7.28469E-1 6.67231E-1 5.85552E-1 4.9705E-1 4.10904E-1 3.32604E-1 2.69276E-1 2.17975E-1 1.73865E-1 1.37065E-1 1.17019E-1 1.07055E-1 9.57854E-2 8.39828E-2 7.23065E-2 6.12561E-2 5.11623E-2 4.22046E-2 3.44416E-2 2.78447E-2 2.23299E-2 1.77822E-2 1.40751E-2 1.10823E-2 8.68609E-3 6.78088E-3 5.27513E-3 4.0912E-3 3.16446E-3 2.44182E-3 2.01406E-3 2.5004E-3 3.08776E-3 3.79096E-3 4.62461E-3 5.67793E-3 6.92356E-3 8.37878E-3 1.00555E-2 1.19571E-2 1.40751E-2 1.63854E-2 1.88451E-2 2.13908E-2 2.39379E-2 2.63834E-2 2.86121E-2 3.05049E-2 3.19506E-2 3.28581E-2
6.67231E-1 7.28469E-1 7.52128E-1 8.07864E-1 8.439E-1 9.15666E-1 8.439E-1 8.07864E-1 7.28469E-1 6.32121E-1 5.32097E-1 4.4615E-1 3.7234E-1 3.03931E-1 2.43761E-1 1.92805E-1 1.6182E-1 1.50848E-1 1.37065E-1 1.21654E-1 1.05722E-1 9.01754E-2 7.56679E-2 6.26009E-2 5.11623E-2 4.13786E-2 3.31676E-2 2.63834E-2 2.08501E-2 1.63854E-2 1.2815E-2 9.98125E-3 7.74643E-3 5.9934E-3 4.62461E-3 3.56004E-3 2.73486E-3 2.41312E-3 3.01319E-3 3.74343E-3 4.62461E-3 5.67793E-3 6.92356E-3 8.50015E-3 1.0359E-2 1.25212E-2 1.49972E-2 1.77822E-2 2.08501E-2 2.41485E-2 2.75945E-2 3.10734E-2 3.44416E-2 3.75338E-2 4.01764E-2 4.22046E-2 4.34822E-2
5.85552E-1 6.32121E-1 6.67231E-1 7.28469E-1 8.07864E-1 8.439E-1 9.15666E-1 8.439E-1 7.52128E-1 6.67231E-1 5.85552E-1 4.9705E-1 4.10904E-1 3.32604E-1 2.69276E-1 2.17975E-1 2.08048E-1 1.92805E-1 1.73865E-1 1.52962E-1 1.31661E-1 1.11186E-1 9.23678E-2 7.56679E-2 6.12561E-2 4.90947E-2 3.90167E-2 3.07876E-2 2.41485E-2 1.88451E-2 1.46432E-2 1.13366E-2 8.74913E-3 6.73409E-3 5.1711E-3 3.96289E-3 3.03164E-3 2.87016E-3 3.6049E-3 4.50594E-3 5.60211E-3 6.92356E-3 8.50015E-3 1.0359E-2 1.27162E-2 1.54852E-2 1.86887E-2 2.23299E-2 2.63834E-2 3.07876E-2 3.54364E-2 4.01764E-2 4.48077E-2 4.90947E-2 5.27842E-2 5.56317E-2 5.74322E-2
5.19986E-1 5.32097E-1 5.85552E-1 6.67231E-1 7.52128E-1 8.439E-1 9.15666E-1 8.439E-1 8.07864E-1 7.28469E-1 6.32121E-1 5.32097E-1 4.4615E-1 3.7234E-1 3.03931E-1 2.78594E-1 2.64777E-1 2.43761E-1 2.17975E-1 1.89937E-1 1.6182E-1 1.35232E-1 1.11186E-1 9.01754E-2 7.23065E-2 5.74322E-2 4.52606E-2 3.54364E-2 2.75945E-2 2.13908E-2 1.6519E-2 1.27162E-2 9.76239E-3 7.47757E-3 5.71629E-3 4.36252E-3 3.32451E-3 3.38692E-3 4.279E-3 5.3816E-3 6.73409E-3 8.37878E-3 1.0359E-2 1.27162E-2 1.54852E-2 1.90031E-2 2.3117E-2 2.78447E-2 3.31676E-2 3.90167E-2 4.52606E-2 5.1696E-2 5.80484E-2 6.39829E-2 6.91308E-2 7.31289E-2 7.56679E-2
4.4615E-1 4.4615E-1 5.32097E-1 6.32121E-1 7.28469E-1 8.07864E-1 8.439E-1 9.15666E-1 8.439E-1 7.52128E-1 6.67231E-1 5.85552E-1 4.9705E-1 4.10904E-1 3.58374E-1 3.51672E-1 3.32604E-1 3.03931E-1 2.69276E-1 2.3223E-1 1.95732E-1 1.6182E-1 1.31661E-1 1.05722E-1 8.39828E-2 6.61283E-2 5.1696E-2 4.01764E-2 3.10734E-2 2.39379E-2 1.83806E-2 1.40751E-2 1.07537E-2 8.2005E-3 6.24343E-3 4.74692E-3 3.6049E-3 3.96289E-3 5.03607E-3 6.37299E-3 8.02666E-3 1.00555E-2 1.25212E-2 1.54852E-2 1.90031E-2 2.3117E-2 2.83535E-2 3.44416E-2 4.13786E-2 4.90947E-2 5.74322E-2 6.61283E-2 7.48094E-2 8.30037E-2 9.01754E-2 9.57854E-2 9.93657E-2
3.7234E-1 4.10904E-1 4.9705E-1 5.85552E-1 6.67231E-1 7.52128E-1 8.439E-1 9.15666E-1 8.439E-1 8.07864E-1 7.28469E-1 6.32121E-1 5.32097E-1 4.36926E-1 4.4615E-1 4.36926E-1 4.10904E-1 3.7234E-1 3.26574E-1 2.78594E-1 2.3223E-1 1.89937E-1 1.52962E-1 1.21654E-1 9.57854E-2 7.48094E-2 5.80484E-2 4.48077E-2 3.44416E-2 2.63834E-2 2.01546E-2 1.53614E-2 1.16864E-2 8.87683E-3 6.73409E-3 5.10306E-3 3.86356E-3 4.59461E-3 5.87277E-3 7.47757E-3 9.47928E-3 1.19571E-2 1.49972E-2 1.86887E-2 2.3117E-2 2.83535E-2 3.44416E-2 4.22046E-2 5.11623E-2 6.12561E-2 7.23065E-2 8.39828E-2 9.57854E-2 1.07055E-1 1.17019E-1 1.24877E-1 1.29921E-1
