test/answer/prey_maxent/큰기러기.asc
ncols         567
nrows         515
xllcorner     947975.0
yllcorner     1913749.0
cellsize      30.0
NODATA_value  -9999
[rows 189 to 215 of 515, columns 354 to 412 of 567]
2.6178E-5 9.08051E-6 3.10346E-6 1.04851E-6 1.82762E-6 5.66904E-6 1.75263E-5 5.3947E-5 1.65064E-4 5.00816E-4 1.50071E-3 4.40997E-3 1.25393E-2 3.3578E-2 8.00313E-2 1.519E-1 1.94342E-1 1.519E-1 8.00313E-2 3.3578E-2 1.25393E-2 4.40997E-3 1.50071E-3 5.00816E-4 1.65064E-4 2.0391E-4 6.36744E-4 1.98085E-3 6.12143E-3 1.86679E-2 5.52543E-2 1.519E-1 3.45318E-1 4.94298E-1 8.83653E-1 4.94298E-1 1.94342E-1 8.00313E-2 5.52543E-2 1.519E-1 3.45318E-1 4.94298E-1 3.45318E-1 1.519E-1 5.52543E-2 1.86679E-2 6.12143E-3 1.98085E-3 6.36744E-4 2.0391E-4 6.94256E-5 2.1903E-4 6.90902E-4 2.17826E-3 6.85654E-3 2.14738E-2 6.61976E-2 1.94342E-1 4.94298E-1
1.56672E-5 5.66904E-6 2.0093E-6 7.00602E-7 2.10732E-6 6.62012E-6 2.0779E-5 6.51451E-5 2.0391E-4 6.36744E-4 1.98085E-3 6.12143E-3 1.86679E-2 5.52543E-2 1.519E-1 3.45318E-1 4.94298E-1 3.45318E-1 1.519E-1 5.52543E-2 1.86679E-2 6.12143E-3 1.98085E-3 6.36744E-4 2.0391E-4 1.65064E-4 5.00816E-4 1.50071E-3 4.40997E-3 1.25393E-2 3.3578E-2 8.00313E-2 1.94342E-1 4.94298E-1 8.83653E-1 4.94298E-1 3.45318E-1 1.519E-1 5.52543E-2 8.00313E-2 1.519E-1 1.94342E-1 1.519E-1 8.00313E-2 3.3578E-2 1.25393E-2 4.40997E-3 1.50071E-3 5.00816E-4 1.65064E-4 7.40163E-5 2.1903E-4 6.90902E-4 2.17826E-3 6.85654E-3 2.14738E-2 6.61976E-2 1.94342E-1 4.94298E-1
8.60982E-6 3.25988E-6 1.20234E-6 7.00602E-7 2.21048E-6 6.97431E-6 2.20046E-5 6.94256E-5 2.1903E-4 6.90902E-4 2.17826E-3 6.85654E-3 2.14738E-2 6.61976E-2 1.94342E-1 4.94298E-1 8.83653E-1 4.94298E-1 1.94342E-1 6.61976E-2 2.14738E-2 6.85654E-3 2.17826E-3 6.90902E-4 2.1903E-4 1.17235E-4 3.40574E-4 9.65979E-4 2.64463E-3 6.85654E-3 1.86679E-2 5.52543E-2 1.519E-1 3.45318E-1 4.94298E-1 8.83653E-1 4.94298E-1 1.94342E-1 6.61976E-2 3.3578E-2 5.52543E-2 6.61976E-2 5.52543E-2 3.3578E-2 1.62919E-2 6.85654E-3 2.64463E-3 9.65979E-4 3.40574E-4 1.17235E-4 1.17235E-4 3.40574E-4 9.65979E-4 2.64463E-3 6.85654E-3 1.86679E-2 5.52543E-2 1.519E-1 3.45318E-1
4.39562E-6 1.74346E-6 6.70359E-7 6.70359E-7 2.10732E-6 6.62012E-6 2.0779E-5 6.51451E-5 2.0391E-4 6.36744E-4 1.98085E-3 6.12143E-3 1.86679E-2 5.52543E-2 1.519E-1 3.45318E-1 4.94298E-1 3.45318E-1 1.519E-1 5.52543E-2 1.86679E-2 6.12143E-3 1.98085E-3 6.36744E-4 2.0391E-4 7.40163E-5 2.0391E-4 5.42132E-4 1.50071E-3 4.40997E-3 1.25393E-2 3.3578E-2 8.00313E-2 1.94342E-1 4.94298E-1 8.83653E-1 4.94298E-1 1.94342E-1 1.519E-1 8.00313E-2 3.3578E-2 2.14738E-2 1.86679E-2 1.25393E-2 6.85654E-3 3.22935E-3 1.37126E-3 5.42132E-4 2.0391E-4 7.40163E-5 1.65064E-4 5.00816E-4 1.50071E-3 4.40997E-3 1.25393E-2 3.3578E-2 8.00313E-2 1.94342E-1 4.94298E-1
5.66904E-6 2.0093E-6 7.00602E-7 6.70359E-7 1.82762E-6 5.66904E-6 1.75263E-5 5.3947E-5 1.65064E-4 5.00816E-4 1.50071E-3 4.40997E-3 1.25393E-2 3.3578E-2 8.00313E-2 1.519E-1 1.94342E-1 1.519E-1 8.00313E-2 3.3578E-2 1.25393E-2 4.40997E-3 1.50071E-3 6.36744E-4 2.72383E-4 1.25418E-4 1.17235E-4 3.40574E-4 9.65979E-4 2.64463E-3 6.85654E-3 2.14738E-2 6.61976E-2 1.94342E-1 4.94298E-1 8.83653E-1 4.94298E-1 4.94298E-1 3.45318E-1 1.519E-1 5.52543E-2 1.86679E-2 6.12143E-3 4.40997E-3 2.64463E-3 1.37126E-3 6.36744E-4 2.72383E-4 1.09637E-4 6.51451E-5 2.0391E-4 6.36744E-4 1.98085E-3 6.12143E-3 1.86679E-2 5.52543E-2 1.519E-1 3.45318E-1 4.94298E-1
9.08051E-6 3.25988E-6 1.82762E-6 2.10732E-6 2.21048E-6 4.39562E-6 1.32677E-5 3.96815E-5 1.17235E-4 3.40574E-4 9.65979E-4 2.64463E-3 6.85654E-3 1.62919E-2 3.3578E-2 5.52543E-2 6.61976E-2 5.52543E-2 3.3578E-2 1.86679E-2 1.25393E-2 6.85654E-3 3.22935E-3 1.37126E-3 6.36744E-4 2.72383E-4 1.25418E-4 2.1903E-4 6.90902E-4 2.17826E-3 6.85654E-3 2.14738E-2 6.61976E-2 1.94342E-1 4.94298E-1 8.83653E-1 4.94298E-1 8.83653E-1 4.94298E-1 1.94342E-1 6.61976E-2 2.14738E-2 6.85654E-3 2.17826E-3 9.65979E-4 5.42132E-4 2.72383E-4 1.25418E-4 5.3947E-5 6.94256E-5 2.1903E-4 6.90902E-4 2.17826E-3 6.85654E-3 2.14738E-2 6.61976E-2 1.94342E-1 4.94298E-1 8.83653E-1
1.56672E-5 5.66904E-6 5.66904E-6 6.62012E-6 6.97431E-6 6.62012E-6 9.08051E-6 2.6178E-5 7.40163E-5 2.0391E-4 5.42132E-4 1.37126E-3 3.22935E-3 6.85654E-3 1.25393E-2 1.86679E-2 3.3578E-2 5.52543E-2 6.61976E-2 5.52543E-2 3.3578E-2 1.62919E-2 6.85654E-3 3.22935E-3 1.37126E-3 6.36744E-4 2.72383E-4 2.0391E-4 6.36744E-4 1.98085E-3 6.12143E-3 1.86679E-2 5.52543E-2 1.519E-1 3.45318E-1 4.94298E-1 8.83653E-1 4.94298E-1 3.45318E-1 1.519E-1 5.52543E-2 1.86679E-2 6.12143E-3 2.64463E-3 1.37126E-3 6.36744E-4 2.72383E-4 1.09637E-4 4.2166E-5 6.94256E-5 2.1903E-4 6.90902E-4 2.17826E-3 6.85654E-3 2.14738E-2 6.61976E-2 1.94342E-1 4.94298E-1 8.83653E-1
2.6178E-5 1.32677E-5 1.75263E-5 2.0779E-5 2.20046E-5 2.0779E-5 1.75263E-5 1.56672E-5 4.2166E-5 1.09637E-4 2.72383E-4 6.36744E-4 1.50071E-3 4.40997E-3 1.25393E-2 3.3578E-2 8.00313E-2 1.519E-1 1.94342E-1 1.519E-1 8.00313E-2 3.3578E-2 1.62919E-2 6.85654E-3 3.22935E-3 1.37126E-3 6.36744E-4 3.40574E-4 5.00816E-4 1.50071E-3 4.40997E-3 1.25393E-2 3.3578E-2 8.00313E-2 1.519E-1 3.45318E-1 4.94298E-1 8.83653E-1 4.94298E-1 1.94342E-1 6.61976E-2 2.14738E-2 1.25393E-2 6.85654E-3 3.22935E-3 1.37126E-3 5.42132E-4 2.0391E-4 7.40163E-5 7.40163E-5 2.1903E-4 6.90902E-4 2.17826E-3 6.85654E-3 2.14738E-2 6.61976E-2 1.94342E-1 4.94298E-1 8.83653E-1
4.2166E-5 3.96815E-5 5.3947E-5 6.51451E-5 6.94256E-5 6.51451E-5 5.3947E-5 3.96815E-5 2.6178E-5 6.51451E-5 2.0391E-4 6.36744E-4 1.98085E-3 6.12143E-3 1.86679E-2 5.52543E-2 1.519E-1 3.45318E-1 4.94298E-1 3.45318E-1 1.519E-1 8.00313E-2 3.3578E-2 1.62919E-2 6.85654E-3 3.22935E-3 1.50071E-3 9.65979E-4 5.42132E-4 9.65979E-4 2.64463E-3 6.85654E-3 1.62919E-2 3.3578E-2 8.00313E-2 1.94342E-1 4.94298E-1 8.83653E-1 4.94298E-1 1.94342E-1 6.61976E-2 5.52543E-2 3.3578E-2 1.62919E-2 6.85654E-3 2.64463E-3 9.65979E-4 3.40574E-4 1.17235E-4 1.25418E-4 3.40574E-4 9.65979E-4 2.64463E-3 6.85654E-3 2.14738E-2 6.61976E-2 1.94342E-1 4.94298E-1 8.83653E-1
7.40163E-5 1.17235E-4 1.65064E-4 2.0391E-4 2.1903E-4 2.0391E-4 1.65064E-4 1.17235E-4 7.40163E-5 6.94256E-5 2.1903E-4 6.90902E-4 2.17826E-3 6.85654E-3 2.14738E-2 6.61976E-2 1.94342E-1 4.94298E-1 8.83653E-1 4.94298E-1 3.45318E-1 1.519E-1 8.00313E-2 3.3578E-2 1.62919E-2 6.85654E-3 4.40997E-3 2.64463E-3 1.37126E-3 6.36744E-4 1.37126E-3 3.22935E-3 6.85654E-3 2.14738E-2 6.61976E-2 1.94342E-1 4.94298E-1 8.83653E-1 4.94298E-1 1.94342E-1 1.94342E-1 1.519E-1 8.00313E-2 3.3578E-2 1.25393E-2 4.40997E-3 1.50071E-3 5.00816E-4 1.65064E-4 2.72383E-4 6.36744E-4 1.50071E-3 4.40997E-3 1.25393E-2 3.3578E-2 8.00313E-2 1.94342E-1 4.94298E-1 8.83653E-1
2.0391E-4 3.40574E-4 5.00816E-4 6.36744E-4 6.90902E-4 6.36744E-4 5.00816E-4 3.40574E-4 2.0391E-4 1.09637E-4 2.0391E-4 6.36744E-4 1.98085E-3 6.12143E-3 1.86679E-2 5.52543E-2 1.519E-1 3.45318E-1 4.94298E-1 8.83653E-1 4.94298E-1 3.45318E-1 1.519E-1 8.00313E-2 3.3578E-2 1.86679E-2 1.25393E-2 6.85654E-3 3.22935E-3 1.37126E-3 6.90902E-4 2.17826E-3 6.85654E-3 2.14738E-2 6.61976E-2 1.94342E-1 4.94298E-1 8.83653E-1 4.94298E-1 3.45318E-1 4.94298E-1 3.45318E-1 1.519E-1 5.52543E-2 1.86679E-2 6.12143E-3 1.98085E-3 6.36744E-4 3.40574E-4 6.36744E-4 1.37126E-3 3.22935E-3 6.85654E-3 1.86679E-2 5.52543E-2 1.519E-1 3.45318E-1 4.94298E-1 8.83653E-1
5.42132E-4 9.65979E-4 1.50071E-3 1.98085E-3 2.17826E-3 1.98085E-3 1.50071E-3 9.65979E-4 5.42132E-4 2.72383E-4 1.65064E-4 5.00816E-4 1.50071E-3 4.40997E-3 1.25393E-2 3.3578E-2 8.00313E-2 1.519E-1 3.45318E-1 4.94298E-1 8.83653E-1 4.94298E-1 3.45318E-1 1.519E-1 8.00313E-2 5.52543E-2 3.3578E-2 1.62919E-2 6.85654E-3 3.22935E-3 1.50071E-3 2.17826E-3 6.85654E-3 2.14738E-2 6.61976E-2 1.94342E-1 4.94298E-1 8.83653E-1 4.94298E-1 4.94298E-1 8.83653E-1 4.94298E-1 1.94342E-1 6.61976E-2 2.14738E-2 6.85654E-3 2.17826E-3 1.50071E-3 9.65979E-4 1.37126E-3 3.22935E-3 6.85654E-3 1.62919E-2 3.3578E-2 8.00313E-2 1.94342E-1 4.94298E-1 8.83653E-1 4.94298E-1
1.37126E-3 2.64463E-3 4.40997E-3 6.12143E-3 6.85654E-3 6.12143E-3 4.40997E-3 2.64463E-3 1.37126E-3 6.36744E-4 2.72383E-4 3.40574E-4 9.65979E-4 2.64463E-3 6.85654E-3 1.62919E-2 3.3578E-2 8.00313E-2 1.519E-1 3.45318E-1 4.94298E-1 8.83653E-1 4.94298E-1 3.45318E-1 1.94342E-1 1.519E-1 8.00313E-2 3.3578E-2 1.62919E-2 6.85654E-3 4.40997E-3 2.64463E-3 6.85654E-3 2.14738E-2 6.61976E-2 1.94342E-1 4.94298E-1 8.83653E-1 4.94298E-1 4.94298E-1 8.83653E-1 4.94298E-1 1.94342E-1 6.61976E-2 2.14738E-2 6.85654E-3 6.12143E-3 4.40997E-3 2.64463E-3 3.22935E-3 6.85654E-3 1.62919E-2 3.3578E-2 8.00313E-2 1.519E-1 3.45318E-1 4.94298E-1 8.83653E-1 4.94298E-1
3.22935E-3 6.85654E-3 1.25393E-2 1.86679E-2 2.14738E-2 1.86679E-2 1.25393E-2 6.85654E-3 3.22935E-3 1.37126E-3 5.42132E-4 2.0391E-4 5.42132E-4 1.37126E-3 3.22935E-3 6.85654E-3 1.62919E-2 3.3578E-2 8.00313E-2 1.519E-1 3.45318E-1 4.94298E-1 8.83653E-1 4.94298E-1 4.94298E-1 3.45318E-1 1.519E-1 8.00313E-2 3.3578E-2 1.86679E-2 1.25393E-2 6.85654E-3 6.85654E-3 2.14738E-2 6.61976E-2 1.94342E-1 4.94298E-1 8.83653E-1 4.94298E-1 3.45318E-1 4.94298E-1 3.45318E-1 1.519E-1 5.52543E-2 1.86679E-2 2.14738E-2 1.86679E-2 1.25393E-2 6.85654E-3 6.85654E-3 1.62919E-2 3.3578E-2 8.00313E-2 1.519E-1 3.45318E-1 4.94298E-1 8.83653E-1 4.94298E-1 3.45318E-1
6.85654E-3 1.62919E-2 3.3578E-2 5.52543E-2 6.61976E-2 5.52543E-2 3.3578E-2 1.62919E-2 6.85654E-3 2.64463E-3 9.65979E-4 3.40574E-4 2.72383E-4 6.36744E-4 1.37126E-3 3.22935E-3 6.85654E-3 1.62919E-2 3.3578E-2 8.00313E-2 1.519E-1 3.45318E-1 4.94298E-1 4.94298E-1 8.83653E-1 4.94298E-1 3.45318E-1 1.519E-1 8.00313E-2 5.52543E-2 3.3578E-2 1.62919E-2 6.85654E-3 2.14738E-2 6.61976E-2 1.94342E-1 4.94298E-1 8.83653E-1 4.94298E-1 1.94342E-1 1.94342E-1 1.519E-1 8.00313E-2 3.3578E-2 5.52543E-2 6.61976E-2 5.52543E-2 3.3578E-2 1.62919E-2 1.62919E-2 3.3578E-2 8.00313E-2 1.519E-1 3.45318E-1 4.94298E-1 8.83653E-1 4.94298E-1 3.45318E-1 1.519E-1
1.25393E-2 3.3578E-2 8.00313E-2 1.519E-1 1.94342E-1 1.519E-1 8.00313E-2 3.3578E-2 1.25393E-2 4.40997E-3 1.50071E-3 5.00816E-4 1.65064E-4 2.72383E-4 6.36744E-4 1.37126E-3 3.22935E-3 6.85654E-3 1.62919E-2 3.3578E-2 8.00313E-2 1.519E-1 1.94342E-1 3.45318E-1 4.94298E-1 8.83653E-1 4.94298E-1 3.45318E-1 1.94342E-1 1.519E-1 8.00313E-2 3.3578E-2 1.62919E-2 2.14738E-2 6.61976E-2 1.94342E-1 4.94298E-1 8.83653E-1 4.94298E-1 1.94342E-1 6.61976E-2 5.52543E-2 3.3578E-2 8.00313E-2 1.519E-1 1.94342E-1 1.519E-1 8.00313E-2 3.3578E-2 3.3578E-2 8.00313E-2 1.519E-1 3.45318E-1 4.94298E-1 8.83653E-1 4.94298E-1 3.45318E-1 1.519E-1 8.00313E-2
1.86679E-2 5.52543E-2 1.519E-1 3.45318E-1 4.94298E-1 3.45318E-1 1.519E-1 5.52543E-2 1.86679E-2 6.12143E-3 1.98085E-3 6.36744E-4 2.0391E-4 1.25418E-4 2.72383E-4 6.36744E-4 1.37126E-3 3.22935E-3 6.85654E-3 1.62919E-2 3.3578E-2 5.52543E-2 8.00313E-2 1.519E-1 3.45318E-1 4.94298E-1 8.83653E-1 4.94298E-1 4.94298E-1 3.45318E-1 1.519E-1 8.00313E-2 3.3578E-2 2.14738E-2 6.61976E-2 1.94342E-1 4.94298E-1 8.83653E-1 4.94298E-1 1.94342E-1 6.61976E-2 2.14738E-2 5.52543E-2 1.519E-1 3.45318E-1 4.94298E-1 3.45318E-1 1.519E-1 5.52543E-2 8.00313E-2 1.519E-1 3.45318E-1 4.94298E-1 8.83653E-1 4.94298E-1 3.45318E-1 1.519E-1 8.00313E-2 3.3578E-2
2.14738E-2 6.61976E-2 1.94342E-1 4.94298E-1 8.83653E-1 4.94298E-1 1.94342E-1 6.61976E-2 2.14738E-2 6.85654E-3 2.17826E-3 6.90902E-4 2.1903E-4 6.94256E-5 1.25418E-4 2.72383E-4 6.36744E-4 1.37126E-3 3.22935E-3 6.85654E-3 1.25393E-2 1.86679E-2 3.3578E-2 8.00313E-2 1.519E-1 3.45318E-1 4.94298E-1 4.94298E-1 8.83653E-1 4.94298E-1 3.45318E-1 1.519E-1 8.00313E-2 5.52543E-2 6.61976E-2 1.94342E-1 4.94298E-1 8.83653E-1 4.94298E-1 1.94342E-1 8.00313E-2 3.3578E-2 6.61976E-2 1.94342E-1 4.94298E-1 8.83653E-1 4.94298E-1 1.94342E-1 6.61976E-2 1.519E-1 3.45318E-1 4.94298E-1 8.83653E-1 4.94298E-1 3.45318E-1 1.519E-1 8.00313E-2 3.3578E-2 1.62919E-2
2.14738E-2 6.61976E-2 1.94342E-1 4.94298E-1 8.83653E-1 4.94298E-1 1.94342E-1 6.61976E-2 2.14738E-2 6.85654E-3 2.17826E-3 6.90902E-4 2.1903E-4 6.94256E-5 6.94256E-5 1.25418E-4 2.72383E-4 6.36744E-4 1.37126E-3 2.64463E-3 4.40997E-3 6.85654E-3 1.62919E-2 3.3578E-2 8.00313E-2 1.519E-1 1.94342E-1 3.45318E-1 4.94298E-1 8.83653E-1 4.94298E-1 3.45318E-1 1.94342E-1 1.519E-1 8.00313E-2 1.94342E-1 4.94298E-1 8.83653E-1 4.94298E-1 3.45318E-1 1.519E-1 8.00313E-2 5.52543E-2 1.519E-1 3.45318E-1 4.94298E-1 3.45318E-1 1.519E-1 1.519E-1 1.94342E-1 4.94298E-1 8.83653E-1 4.94298E-1 3.45318E-1 1.519E-1 8.00313E-2 3.3578E-2 1.62919E-2 6.85654E-3
1.86679E-2 5.52543E-2 1.519E-1 3.45318E-1 4.94298E-1 3.45318E-1 1.519E-1 5.52543E-2 1.86679E-2 6.12143E-3 1.98085E-3 6.36744E-4 2.0391E-4 2.0391E-4 2.1903E-4 2.0391E-4 1.65064E-4 2.72383E-4 5.42132E-4 9.65979E-4 1.50071E-3 3.22935E-3 6.85654E-3 1.62919E-2 3.3578E-2 5.52543E-2 8.00313E-2 1.519E-1 3.45318E-1 4.94298E-1 8.83653E-1 4.94298E-1 4.94298E-1 3.45318E-1 1.94342E-1 1.519E-1 3.45318E-1 4.94298E-1 8.83653E-1 4.94298E-1 3.45318E-1 1.519E-1 8.00313E-2 1.94342E-1 4.94298E-1 8.83653E-1 4.94298E-1 1.94342E-1 3.45318E-1 4.94298E-1 4.94298E-1 8.83653E-1 4.94298E-1 1.94342E-1 8.00313E-2 3.3578E-2 1.62919E-2 6.85654E-3 3.22935E-3
1.25393E-2 3.3578E-2 8.00313E-2 1.519E-1 1.94342E-1 1.519E-1 8.00313E-2 3.3578E-2 1.25393E-2 4.40997E-3 1.50071E-3 5.00816E-4 5.00816E-4 6.36744E-4 6.90902E-4 6.36744E-4 5.00816E-4 3.40574E-4 2.0391E-4 3.40574E-4 6.36744E-4 1.37126E-3 3.22935E-3 6.85654E-3 1.25393E-2 1.86679E-2 3.3578E-2 8.00313E-2 1.519E-1 3.45318E-1 4.94298E-1 4.94298E-1 8.83653E-1 4.94298E-1 4.94298E-1 3.45318E-1 1.519E-1 3.45318E-1 4.94298E-1 8.83653E-1 4.94298E-1 3.45318E-1 1.519E-1 1.94342E-1 4.94298E-1 8.83653E-1 4.94298E-1 4.94298E-1 4.94298E-1 8.83653E-1 4.94298E-1 4.94298E-1 3.45318E-1 1.519E-1 5.52543E-2 1.86679E-2 6.85654E-3 3.22935E-3 1.37126E-3
6.85654E-3 1.62919E-2 3.3578E-2 5.52543E-2 6.61976E-2 5.52543E-2 3.3578E-2 1.62919E-2 6.85654E-3 2.64463E-3 9.65979E-4 9.65979E-4 1.50071E-3 1.98085E-3 2.17826E-3 1.98085E-3 1.50071E-3 9.65979E-4 5.42132E-4 2.72383E-4 2.72383E-4 6.36744E-4 1.37126E-3 2.64463E-3 4.40997E-3 6.85654E-3 1.62919E-2 3.3578E-2 8.00313E-2 1.519E-1 1.94342E-1 3.45318E-1 4.94298E-1 4.94298E-1 8.83653E-1 4.94298E-1 3.45318E-1 1.94342E-1 3.45318E-1 4.94298E-1 8.83653E-1 4.94298E-1 3.45318E-1 1.94342E-1 3.45318E-1 4.94298E-1 4.94298E-1 8.83653E-1 4.94298E-1 4.94298E-1 3.45318E-1 1.94342E-1 1.519E-1 8.00313E-2 3.3578E-2 1.25393E-2 4.40997E-3 1.50071E-3 6.36744E-4
6.85654E-3 6.85654E-3 1.25393E-2 1.86679E-2 2.14738E-2 1.86679E-2 1.25393E-2 6.85654E-3 3.22935E-3 1.37126E-3 1.37126E-3 2.64463E-3 4.40997E-3 6.12143E-3 6.85654E-3 6.12143E-3 4.40997E-3 2.64463E-3 1.37126E-3 6.36744E-4 3.40574E-4 2.72383E-4 5.42132E-4 9.65979E-4 1.50071E-3 3.22935E-3 6.85654E-3 1.62919E-2 3.3578E-2 5.52543E-2 8.00313E-2 1.519E-1 1.94342E-1 3.45318E-1 4.94298E-1 8.83653E-1 4.94298E-1 4.94298E-1 3.45318E-1 3.45318E-1 4.94298E-1 8.83653E-1 4.94298E-1 4.94298E-1 4.94298E-1 8.83653E-1 8.83653E-1 4.94298E-1 3.45318E-1 1.94342E-1 1.519E-1 8.00313E-2 5.52543E-2 3.3578E-2 1.62919E-2 6.85654E-3 2.64463E-3 9.65979E-4 3.40574E-4
1.25393E-2 4.40997E-3 4.40997E-3 6.12143E-3 6.85654E-3 6.12143E-3 4.40997E-3 2.64463E-3 1.37126E-3 1.37126E-3 3.22935E-3 6.85654E-3 1.25393E-2 1.86679E-2 2.14738E-2 1.86679E-2 1.25393E-2 6.85654E-3 3.22935E-3 1.50071E-3 9.65979E-4 5.42132E-4 2.72383E-4 3.40574E-4 6.36744E-4 1.37126E-3 3.22935E-3 6.85654E-3 1.25393E-2 1.86679E-2 3.3578E-2 5.52543E-2 8.00313E-2 1.519E-1 3.45318E-1 4.94298E-1 4.94298E-1 8.83653E-1 4.94298E-1 3.45318E-1 3.45318E-1 4.94298E-1 4.94298E-1 8.83653E-1 4.94298E-1 8.83653E-1 8.83653E-1 4.94298E-1 1.94342E-1 8.00313E-2 5.52543E-2 3.3578E-2 1.86679E-2 1.25393E-2 6.85654E-3 3.22935E-3 1.37126E-3 5.42132E-4 2.0391E-4
1.86679E-2 6.85654E-3 3.22935E-3 1.98085E-3 2.17826E-3 1.98085E-3 1.50071E-3 9.65979E-4 9.65979E-4 2.64463E-3 6.85654E-3 1.62919E-2 3.3578E-2 5.52543E-2 6.61976E-2 5.52543E-2 3.3578E-2 1.62919E-2 6.85654E-3 4.40997E-3 2.64463E-3 1.37126E-3 6.36744E-4 2.72383E-4 2.72383E-4 6.36744E-4 1.37126E-3 2.64463E-3 4.40997E-3 6.85654E-3 1.25393E-2 1.86679E-2 3.3578E-2 8.00313E-2 1.519E-1 1.94342E-1 3.45318E-1 4.94298E-1 8.83653E-1 4.94298E-1 4.94298E-1 8.83653E-1 4.94298E-1 4.94298E-1 8.83653E-1 4.94298E-1 8.83653E-1 4.94298E-1 1.94342E-1 6.61976E-2 2.14738E-2 1.25393E-2 6.85654E-3 4.40997E-3 2.64463E-3 1.37126E-3 6.36744E-4 2.72383E-4 1.09637E-4
3.3578E-2 1.62919E-2 6.85654E-3 2.64463E-3 9.65979E-4 6.36744E-4 5.00816E-4 5.00816E-4 1.50071E-3 4.40997E-3 1.25393E-2 3.3578E-2 8.00313E-2 1.519E-1 1.94342E-1 1.519E-1 8.00313E-2 3.3578E-2 1.86679E-2 1.25393E-2 6.85654E-3 3.22935E-3 1.37126E-3 5.42132E-4 6.36744E-4 6.90902E-4 6.90902E-4 9.65979E-4 1.50071E-3 2.64463E-3 4.40997E-3 6.85654E-3 1.62919E-2 3.3578E-2 5.52543E-2 8.00313E-2 1.519E-1 3.45318E-1 4.94298E-1 4.94298E-1 8.83653E-1 4.94298E-1 4.94298E-1 4.94298E-1 8.83653E-1 8.83653E-1 4.94298E-1 3.45318E-1 1.519E-1 5.52543E-2 1.86679E-2 6.12143E-3 2.64463E-3 1.50071E-3 9.65979E-4 5.42132E-4 2.72383E-4 1.25418E-4 5.3947E-5
8.00313E-2 3.3578E-2 1.25393E-2 4.40997E-3 1.50071E-3 5.00816E-4 2.0391E-4 6.36744E-4 1.98085E-3 6.12143E-3 1.86679E-2 5.52543E-2 1.519E-1 3.45318E-1 4.94298E-1 3.45318E-1 1.519E-1 8.00313E-2 5.52543E-2 3.3578E-2 1.62919E-2 6.85654E-3 2.64463E-3 1.50071E-3 1.98085E-3 2.17826E-3 2.17826E-3 2.17826E-3 2.17826E-3 1.98085E-3 1.98085E-3 3.22935E-3 6.85654E-3 1.25393E-2 1.86679E-2 3.3578E-2 8.00313E-2 1.519E-1 1.94342E-1 3.45318E-1 4.94298E-1 4.94298E-1 8.83653E-1 4.94298E-1 8.83653E-1 8.83653E-1 4.94298E-1 1.94342E-1 8.00313E-2 3.3578E-2 1.25393E-2 4.40997E-3 1.50071E-3 5.42132E-4 3.40574E-4 2.0391E-4 1.09637E-4 5.3947E-5 2.46983E-5
