test/answer/prey_maxent/큰기러기.asc
ncols         567
nrows         515
xllcorner     947975.0
yllcorner     1913749.0
cellsize      30.0
NODATA_value  -9999
[rows 432 to 458 of 515, columns 413 to 471 of 567]
6.12143E-3 1.86679E-2 5.52543E-2 1.519E-1 3.45318E-1 4.94298E-1 3.45318E-1 1.519E-1 5.52543E-2 1.86679E-2 6.12143E-3 1.98085E-3 3.22935E-3 6.85654E-3 1.25393E-2 1.86679E-2 2.14738E-2 1.86679E-2 1.25393E-2 6.85654E-3 3.22935E-3 1.37126E-3 5.42132E-4 3.40574E-4 2.0391E-4 1.09637E-4 5.3947E-5 2.46983E-5 1.06675E-5 4.39562E-6 1.74346E-6 6.70359E-7 2.51263E-7 9.22139E-8 6.77367E-8 7.03784E-8 6.77367E-8 6.04223E-8 5.00269E-8 3.8536E-8 2.77041E-8 1.86565E-8 1.18167E-8 7.06981E-9 4.01298E-9 2.17041E-9 1.12317E-9 5.58336E-10 2.67606E-10 1.24088E-10 5.58409E-11 2.44571E-11 1.04522E-11 4.36884E-12 1.78968E-12 7.19869E-13 2.84883E-13 1.11022E-13 4.26326E-14
4.40997E-3 1.25393E-2 3.3578E-2 8.00313E-2 1.519E-1 1.94342E-1 1.519E-1 8.00313E-2 3.3578E-2 1.25393E-2 4.40997E-3 6.12143E-3 6.85654E-3 1.62919E-2 3.3578E-2 5.52543E-2 6.61976E-2 5.52543E-2 3.3578E-2 1.62919E-2 6.85654E-3 2.64463E-3 1.50071E-3 9.65979E-4 5.42132E-4 2.72383E-4 1.25418E-4 5.3947E-5 2.20046E-5 8.60982E-6 3.25988E-6 1.20234E-6 4.34188E-7 1.88594E-7 2.13135E-7 2.22052E-7 2.13135E-7 1.88594E-7 1.5412E-7 1.16653E-7 8.20867E-8 5.39379E-8 3.3254E-8 1.93325E-8 1.06512E-8 5.58835E-9 2.80513E-9 1.35294E-9 6.29497E-10 2.83574E-10 1.24088E-10 5.28999E-11 2.20289E-11 8.98182E-12 3.59313E-12 1.41298E-12 5.47118E-13 2.08944E-13 7.87148E-14
2.64463E-3 6.85654E-3 1.62919E-2 3.3578E-2 5.52543E-2 6.61976E-2 5.52543E-2 3.3578E-2 1.62919E-2 6.85654E-3 1.25393E-2 1.86679E-2 2.14738E-2 3.3578E-2 8.00313E-2 1.519E-1 1.94342E-1 1.519E-1 8.00313E-2 3.3578E-2 1.25393E-2 6.12143E-3 4.40997E-3 2.64463E-3 1.37126E-3 6.36744E-4 2.72383E-4 1.09637E-4 4.2166E-5 1.56672E-5 5.66904E-6 2.0093E-6 7.00602E-7 5.8769E-7 6.70359E-7 7.00602E-7 6.70359E-7 5.8769E-7 4.73125E-7 3.51017E-7 2.41096E-7 1.5412E-7 9.22139E-8 5.19435E-8 2.77041E-8 1.40672E-8 6.83508E-9 3.1929E-9 1.44007E-9 6.29497E-10 2.67606E-10 1.10969E-10 4.50062E-11 1.78948E-11 6.98985E-12 2.68718E-12 1.0183E-12 3.80918E-13 1.40887E-13
1.37126E-3 3.22935E-3 6.85654E-3 1.25393E-2 1.86679E-2 2.14738E-2 1.86679E-2 1.25393E-2 6.85654E-3 1.62919E-2 3.3578E-2 5.52543E-2 6.61976E-2 8.00313E-2 1.519E-1 3.45318E-1 4.94298E-1 3.45318E-1 1.519E-1 5.52543E-2 2.14738E-2 1.86679E-2 1.25393E-2 6.85654E-3 3.22935E-3 1.37126E-3 5.42132E-4 2.0391E-4 7.40163E-5 2.6178E-5 9.08051E-6 3.10346E-6 1.44608E-6 1.82762E-6 2.10732E-6 2.21048E-6 2.10732E-6 1.82762E-6 1.44608E-6 1.04851E-6 7.00602E-7 4.34188E-7 2.51263E-7 1.367E-7 7.03784E-8 3.44985E-8 1.61915E-8 7.31303E-9 3.1929E-9 1.35294E-9 5.58336E-10 2.25092E-10 8.88853E-11 3.44599E-11 1.31429E-11 4.94005E-12 1.83276E-12 6.72018E-13 2.43805E-13
6.36744E-4 1.37126E-3 2.64463E-3 4.40997E-3 6.12143E-3 6.85654E-3 6.12143E-3 4.40997E-3 1.25393E-2 3.3578E-2 8.00313E-2 1.519E-1 1.94342E-1 1.519E-1 3.45318E-1 4.94298E-1 8.83653E-1 4.94298E-1 1.94342E-1 6.61976E-2 6.61976E-2 5.52543E-2 3.3578E-2 1.62919E-2 6.85654E-3 2.64463E-3 9.65979E-4 3.40574E-4 1.17235E-4 3.96815E-5 1.32677E-5 4.39562E-6 4.39562E-6 5.66904E-6 6.62012E-6 6.97431E-6 6.62012E-6 5.66904E-6 4.39562E-6 3.10346E-6 2.0093E-6 1.20234E-6 6.70359E-7 3.51017E-7 1.73912E-7 8.20867E-8 3.71375E-8 1.61915E-8 6.83508E-9 2.80513E-9 1.12317E-9 4.40091E-10 1.69191E-10 6.39626E-11 2.38252E-11 8.75844E-12 3.18223E-12 1.1442E-12 4.07563E-13
2.72383E-4 5.42132E-4 9.65979E-4 1.50071E-3 1.98085E-3 2.17826E-3 1.98085E-3 6.12143E-3 1.86679E-2 5.52543E-2 1.519E-1 3.45318E-1 4.94298E-1 3.45318E-1 4.94298E-1 8.83653E-1 4.94298E-1 3.45318E-1 1.519E-1 1.519E-1 1.94342E-1 1.519E-1 8.00313E-2 3.3578E-2 1.25393E-2 4.40997E-3 1.50071E-3 5.00816E-4 1.65064E-4 5.3947E-5 1.75263E-5 9.08051E-6 1.32677E-5 1.75263E-5 2.0779E-5 2.20046E-5 2.0779E-5 1.75263E-5 1.32677E-5 9.08051E-6 5.66904E-6 3.25988E-6 1.74346E-6 8.75297E-7 4.16012E-7 1.88594E-7 8.20867E-8 3.44985E-8 1.40672E-8 5.58835E-9 2.17041E-9 8.26542E-10 3.09418E-10 1.14107E-10 4.15291E-11 1.49398E-11 5.31941E-12 1.87683E-12 6.56808E-13
1.09637E-4 2.0391E-4 3.40574E-4 5.00816E-4 6.36744E-4 6.90902E-4 2.17826E-3 6.85654E-3 2.14738E-2 6.61976E-2 1.94342E-1 4.94298E-1 8.83653E-1 4.94298E-1 3.45318E-1 4.94298E-1 3.45318E-1 1.519E-1 1.519E-1 3.45318E-1 4.94298E-1 3.45318E-1 1.519E-1 5.52543E-2 1.86679E-2 6.12143E-3 1.98085E-3 6.36744E-4 2.0391E-4 6.51451E-5 2.0779E-5 2.6178E-5 3.96815E-5 5.3947E-5 6.51451E-5 6.94256E-5 6.51451E-5 5.3947E-5 3.96815E-5 2.6178E-5 1.56672E-5 8.60982E-6 4.39562E-6 2.10732E-6 9.57727E-7 4.16012E-7 1.73912E-7 7.03784E-8 2.77041E-8 1.06512E-8 4.01298E-9 1.48581E-9 5.41896E-10 1.95065E-10 6.94176E-11 2.44571E-11 8.54083E-12 2.95941E-12 1.0183E-12
4.2166E-5 7.40163E-5 1.17235E-4 1.65064E-4 2.0391E-4 6.36744E-4 1.98085E-3 6.12143E-3 1.86679E-2 5.52543E-2 1.519E-1 3.45318E-1 4.94298E-1 8.83653E-1 4.94298E-1 1.94342E-1 1.519E-1 8.00313E-2 1.94342E-1 4.94298E-1 8.83653E-1 4.94298E-1 1.94342E-1 6.61976E-2 2.14738E-2 6.85654E-3 2.17826E-3 6.90902E-4 2.1903E-4 6.94256E-5 4.2166E-5 7.40163E-5 1.17235E-4 1.65064E-4 2.0391E-4 2.1903E-4 2.0391E-4 1.65064E-4 1.17235E-4 7.40163E-5 4.2166E-5 2.20046E-5 1.06675E-5 4.86358E-6 2.10732E-6 8.75297E-7 3.51017E-7 1.367E-7 5.19435E-8 1.93325E-8 7.06981E-9 2.54689E-9 9.05777E-10 3.1857E-10 1.10969E-10 3.83307E-11 1.31429E-11 4.47731E-12 1.51656E-12
1.56672E-5 2.6178E-5 3.96815E-5 6.94256E-5 2.1903E-4 6.90902E-4 2.17826E-3 6.85654E-3 2.14738E-2 6.61976E-2 1.94342E-1 4.94298E-1 8.83653E-1 4.94298E-1 3.45318E-1 1.519E-1 5.52543E-2 5.52543E-2 1.519E-1 3.45318E-1 4.94298E-1 3.45318E-1 1.519E-1 5.52543E-2 1.86679E-2 6.12143E-3 1.98085E-3 6.36744E-4 2.0391E-4 6.51451E-5 1.09637E-4 2.0391E-4 3.40574E-4 5.00816E-4 6.36744E-4 6.90902E-4 6.36744E-4 5.00816E-4 3.40574E-4 2.0391E-4 1.09637E-4 5.3947E-5 2.46983E-5 1.06675E-5 4.39562E-6 1.74346E-6 6.70359E-7 2.51263E-7 9.22139E-8 3.3254E-8 1.18167E-8 4.14706E-9 1.44007E-9 4.95543E-10 1.69191E-10 5.73748E-11 1.93415E-11 6.48637E-12 2.16538E-12
5.66904E-6 9.08051E-6 2.20046E-5 6.94256E-5 2.1903E-4 6.90902E-4 2.17826E-3 6.85654E-3 2.14738E-2 6.61976E-2 1.94342E-1 4.94298E-1 8.83653E-1 4.94298E-1 1.94342E-1 8.00313E-2 3.3578E-2 3.3578E-2 8.00313E-2 1.519E-1 1.94342E-1 1.519E-1 8.00313E-2 3.3578E-2 1.25393E-2 4.40997E-3 1.50071E-3 5.00816E-4 1.65064E-4 1.25418E-4 2.72383E-4 5.42132E-4 9.65979E-4 1.50071E-3 1.98085E-3 2.17826E-3 1.98085E-3 1.50071E-3 9.65979E-4 5.42132E-4 2.72383E-4 1.25418E-4 5.3947E-5 2.20046E-5 8.60982E-6 3.25988E-6 1.20234E-6 4.34188E-7 1.5412E-7 5.39379E-8 1.86565E-8 6.38986E-9 2.17041E-9 7.32009E-10 2.4539E-10 8.18315E-11 2.71648E-11 8.98182E-12 2.95941E-12
2.10732E-6 6.62012E-6 2.0779E-5 6.51451E-5 2.0391E-4 6.36744E-4 1.98085E-3 6.12143E-3 1.86679E-2 5.52543E-2 1.519E-1 3.45318E-1 4.94298E-1 3.45318E-1 1.519E-1 5.52543E-2 1.86679E-2 1.62919E-2 3.3578E-2 5.52543E-2 6.61976E-2 5.52543E-2 3.3578E-2 1.62919E-2 6.85654E-3 2.64463E-3 9.65979E-4 3.40574E-4 1.17235E-4 2.72383E-4 6.36744E-4 1.37126E-3 2.64463E-3 4.40997E-3 6.12143E-3 6.85654E-3 6.12143E-3 4.40997E-3 2.64463E-3 1.37126E-3 6.36744E-4 2.72383E-4 1.09637E-4 4.2166E-5 1.56672E-5 5.66904E-6 2.0093E-6 7.00602E-7 2.41096E-7 8.20867E-8 2.77041E-8 9.28214E-9 3.09096E-9 1.02398E-9 3.37731E-10 1.10969E-10 3.63417E-11 1.18677E-11 3.8658E-12
1.82762E-6 5.66904E-6 1.75263E-5 5.3947E-5 1.65064E-4 5.00816E-4 1.50071E-3 4.40997E-3 1.25393E-2 3.3578E-2 8.00313E-2 1.519E-1 1.94342E-1 1.519E-1 8.00313E-2 3.3578E-2 1.25393E-2 6.85654E-3 1.25393E-2 1.86679E-2 2.14738E-2 1.86679E-2 1.25393E-2 6.85654E-3 3.22935E-3 1.37126E-3 5.42132E-4 2.0391E-4 2.0391E-4 5.42132E-4 1.37126E-3 3.22935E-3 6.85654E-3 1.25393E-2 1.86679E-2 2.14738E-2 1.86679E-2 1.25393E-2 6.85654E-3 3.22935E-3 1.37126E-3 5.42132E-4 2.0391E-4 7.40163E-5 2.6178E-5 9.08051E-6 3.10346E-6 1.04851E-6 3.51017E-7 1.16653E-7 3.8536E-8 1.26677E-8 4.14706E-9 1.35294E-9 4.40091E-10 1.42795E-10 4.62315E-11 1.49398E-11 4.81981E-12
1.44608E-6 4.39562E-6 1.32677E-5 3.96815E-5 1.17235E-4 3.40574E-4 9.65979E-4 2.64463E-3 6.85654E-3 1.62919E-2 3.3578E-2 5.52543E-2 6.61976E-2 5.52543E-2 3.3578E-2 1.62919E-2 6.85654E-3 2.64463E-3 4.40997E-3 6.12143E-3 6.85654E-3 6.12143E-3 4.40997E-3 2.64463E-3 1.37126E-3 6.36744E-4 3.40574E-4 5.00816E-4 6.36744E-4 9.65979E-4 2.64463E-3 6.85654E-3 1.62919E-2 3.3578E-2 5.52543E-2 6.61976E-2 5.52543E-2 3.3578E-2 1.62919E-2 6.85654E-3 2.64463E-3 9.65979E-4 3.40574E-4 1.17235E-4 3.96815E-5 1.32677E-5 4.39562E-6 1.44608E-6 4.73125E-7 1.5412E-7 5.00269E-8 1.61915E-8 5.22791E-9 1.68459E-9 5.41896E-10 1.74063E-10 5.58409E-11 1.78948E-11 5.72919E-12
1.04851E-6 3.10346E-6 9.08051E-6 2.6178E-5 7.40163E-5 2.0391E-4 5.42132E-4 1.37126E-3 3.22935E-3 6.85654E-3 1.25393E-2 1.86679E-2 2.14738E-2 1.86679E-2 1.25393E-2 6.85654E-3 3.22935E-3 1.37126E-3 1.50071E-3 1.98085E-3 2.17826E-3 1.98085E-3 1.50071E-3 9.65979E-4 5.42132E-4 5.42132E-4 9.65979E-4 1.50071E-3 1.98085E-3 2.17826E-3 4.40997E-3 1.25393E-2 3.3578E-2 8.00313E-2 1.519E-1 1.94342E-1 1.519E-1 8.00313E-2 3.3578E-2 1.25393E-2 4.40997E-3 1.50071E-3 5.00816E-4 1.65064E-4 5.3947E-5 1.75263E-5 5.66904E-6 1.82762E-6 5.8769E-7 1.88594E-7 6.04223E-8 1.93325E-8 6.17877E-9 1.97295E-9 6.29497E-10 2.00716E-10 6.39626E-11 2.0373E-11 6.48637E-12
7.00602E-7 2.0093E-6 5.66904E-6 1.56672E-5 4.2166E-5 1.09637E-4 2.72383E-4 6.36744E-4 1.37126E-3 2.64463E-3 4.40997E-3 6.12143E-3 6.85654E-3 6.12143E-3 4.40997E-3 2.64463E-3 1.37126E-3 6.36744E-4 5.00816E-4 6.36744E-4 6.90902E-4 6.36744E-4 5.00816E-4 3.40574E-4 6.36744E-4 1.37126E-3 2.64463E-3 4.40997E-3 6.12143E-3 6.85654E-3 6.85654E-3 1.86679E-2 5.52543E-2 1.519E-1 3.45318E-1 4.94298E-1 3.45318E-1 1.519E-1 5.52543E-2 1.86679E-2 6.12143E-3 1.98085E-3 6.36744E-4 2.0391E-4 6.51451E-5 2.0779E-5 6.62012E-6 2.10732E-6 6.70359E-7 2.13135E-7 6.77367E-8 2.15201E-8 6.83508E-9 2.17041E-9 6.89055E-10 2.18722E-10 6.94176E-11 2.20289E-11 6.98985E-12
4.34188E-7 1.20234E-6 3.25988E-6 8.60982E-6 2.20046E-5 5.3947E-5 1.25418E-4 2.72383E-4 5.42132E-4 9.65979E-4 1.50071E-3 1.98085E-3 2.17826E-3 1.98085E-3 1.50071E-3 9.65979E-4 5.42132E-4 2.72383E-4 1.65064E-4 2.0391E-4 2.1903E-4 2.0391E-4 2.72383E-4 6.36744E-4 1.37126E-3 3.22935E-3 6.85654E-3 1.25393E-2 1.86679E-2 2.14738E-2 1.86679E-2 3.3578E-2 8.00313E-2 1.94342E-1 4.94298E-1 8.83653E-1 4.94298E-1 1.94342E-1 6.61976E-2 2.14738E-2 6.85654E-3 2.17826E-3 6.90902E-4 2.1903E-4 6.94256E-5 2.20046E-5 6.97431E-6 2.21048E-6 7.00602E-7 2.22052E-7 7.03784E-8 2.23061E-8 7.06981E-9 2.24074E-9 7.10193E-10 2.25092E-10 7.13419E-11 2.26115E-11 7.1666E-12
2.51263E-7 6.70359E-7 1.74346E-6 4.39562E-6 1.06675E-5 2.46983E-5 5.3947E-5 1.09637E-4 2.0391E-4 3.40574E-4 5.00816E-4 6.36744E-4 6.90902E-4 6.36744E-4 5.00816E-4 3.40574E-4 2.0391E-4 1.09637E-4 5.3947E-5 6.51451E-5 7.40163E-5 2.0391E-4 5.42132E-4 1.37126E-3 3.22935E-3 6.85654E-3 1.62919E-2 3.3578E-2 5.52543E-2 6.61976E-2 5.52543E-2 8.00313E-2 1.519E-1 3.45318E-1 4.94298E-1 4.94298E-1 3.45318E-1 1.519E-1 5.52543E-2 1.86679E-2 6.12143E-3 1.98085E-3 6.36744E-4 2.0391E-4 6.51451E-5 2.0779E-5 6.62012E-6 2.10732E-6 6.70359E-7 2.13135E-7 6.77367E-8 2.15201E-8 6.83508E-9 2.17041E-9 6.89055E-10 2.18722E-10 6.94176E-11 2.20289E-11 6.98985E-12
1.367E-7 3.51017E-7 8.75297E-7 2.10732E-6 4.86358E-6 1.06675E-5 2.20046E-5 4.2166E-5 7.40163E-5 1.17235E-4 1.65064E-4 2.0391E-4 2.1903E-4 2.0391E-4 1.65064E-4 1.17235E-4 7.40163E-5 4.2166E-5 2.46983E-5 5.3947E-5 1.25418E-4 3.40574E-4 9.65979E-4 2.64463E-3 6.85654E-3 1.62919E-2 3.3578E-2 8.00313E-2 1.519E-1 1.94342E-1 1.519E-1 1.519E-1 3.45318E-1 4.94298E-1 8.83653E-1 4.94298E-1 1.94342E-1 8.00313E-2 3.3578E-2 1.25393E-2 4.40997E-3 1.50071E-3 5.00816E-4 1.65064E-4 5.3947E-5 1.75263E-5 5.66904E-6 1.82762E-6 5.8769E-7 1.88594E-7 6.04223E-8 1.93325E-8 6.17877E-9 1.97295E-9 6.29497E-10 2.00716E-10 6.39626E-11 2.0373E-11 6.48637E-12
7.03784E-8 1.73912E-7 4.16012E-7 9.57727E-7 2.10732E-6 4.39562E-6 8.60982E-6 1.56672E-5 2.6178E-5 3.96815E-5 5.3947E-5 6.51451E-5 6.94256E-5 6.51451E-5 5.3947E-5 3.96815E-5 2.6178E-5 2.20046E-5 5.3947E-5 1.25418E-4 2.72383E-4 6.36744E-4 1.50071E-3 4.40997E-3 1.25393E-2 3.3578E-2 8.00313E-2 1.519E-1 3.45318E-1 4.94298E-1 3.45318E-1 1.94342E-1 4.94298E-1 8.83653E-1 4.94298E-1 3.45318E-1 1.519E-1 5.52543E-2 1.86679E-2 6.85654E-3 2.64463E-3 9.65979E-4 3.40574E-4 1.17235E-4 3.96815E-5 1.32677E-5 4.39562E-6 1.44608E-6 4.73125E-7 1.5412E-7 5.00269E-8 1.61915E-8 5.22791E-9 1.68459E-9 5.41896E-10 1.74063E-10 5.58409E-11 1.78948E-11 5.72919E-12
3.44985E-8 8.20867E-8 1.88594E-7 4.16012E-7 8.75297E-7 1.74346E-6 3.25988E-6 5.66904E-6 9.08051E-6 1.32677E-5 1.75263E-5 2.0779E-5 2.20046E-5 2.0779E-5 1.75263E-5 1.32677E-5 1.56672E-5 4.2166E-5 1.09637E-4 2.72383E-4 6.36744E-4 1.37126E-3 3.22935E-3 6.85654E-3 1.86679E-2 5.52543E-2 1.519E-1 3.45318E-1 4.94298E-1 8.83653E-1 4.94298E-1 1.94342E-1 3.45318E-1 4.94298E-1 3.45318E-1 1.519E-1 8.00313E-2 3.3578E-2 1.25393E-2 4.40997E-3 1.50071E-3 5.42132E-4 2.0391E-4 7.40163E-5 2.6178E-5 9.08051E-6 3.10346E-6 1.04851E-6 3.51017E-7 1.16653E-7 3.8536E-8 1.26677E-8 4.14706E-9 1.35294E-9 4.40091E-10 1.42795E-10 4.62315E-11 1.49398E-11 4.81981E-12
1.61915E-8 3.71375E-8 8.20867E-8 1.73912E-7 3.51017E-7 6.70359E-7 1.20234E-6 2.0093E-6 3.10346E-6 4.39562E-6 5.66904E-6 6.62012E-6 6.97431E-6 6.62012E-6 5.66904E-6 9.08051E-6 2.6178E-5 7.40163E-5 2.0391E-4 5.42132E-4 1.37126E-3 3.22935E-3 6.85654E-3 1.62919E-2 3.3578E-2 8.00313E-2 1.94342E-1 4.94298E-1 8.83653E-1 4.94298E-1 3.45318E-1 1.519E-1 1.519E-1 1.94342E-1 1.519E-1 8.00313E-2 3.3578E-2 1.62919E-2 6.85654E-3 2.64463E-3 9.65979E-4 3.40574E-4 1.17235E-4 4.2166E-5 1.56672E-5 5.66904E-6 2.0093E-6 7.00602E-7 2.41096E-7 8.20867E-8 2.77041E-8 9.28214E-9 3.09096E-9 1.02398E-9 3.37731E-10 1.10969E-10 3.63417E-11 1.18677E-11 3.8658E-12
7.31303E-9 1.61915E-8 3.44985E-8 7.03784E-8 1.367E-7 2.51263E-7 4.34188E-7 7.00602E-7 1.04851E-6 1.44608E-6 1.82762E-6 2.10732E-6 2.21048E-6 2.10732E-6 4.39562E-6 1.32677E-5 3.96815E-5 1.17235E-4 3.40574E-4 9.65979E-4 2.64463E-3 6.85654E-3 1.62919E-2 3.3578E-2 8.00313E-2 1.519E-1 3.45318E-1 4.94298E-1 8.83653E-1 4.94298E-1 1.94342E-1 8.00313E-2 5.52543E-2 6.61976E-2 5.52543E-2 3.3578E-2 1.62919E-2 6.85654E-3 3.22935E-3 1.37126E-3 5.42132E-4 2.0391E-4 7.40163E-5 2.6178E-5 9.08051E-6 3.25988E-6 1.20234E-6 4.34188E-7 1.5412E-7 5.39379E-8 1.86565E-8 6.38986E-9 2.17041E-9 7.32009E-10 2.4539E-10 8.18315E-11 2.71648E-11 8.98182E-12 2.95941E-12
3.1929E-9 6.83508E-9 1.40672E-8 2.77041E-8 5.19435E-8 9.22139E-8 1.5412E-7 2.41096E-7 3.51017E-7 4.73125E-7 5.8769E-7 9.57727E-7 2.10732E-6 4.39562E-6 8.60982E-6 1.75263E-5 5.3947E-5 1.65064E-4 5.00816E-4 1.50071E-3 4.40997E-3 1.25393E-2 3.3578E-2 8.00313E-2 1.519E-1 3.45318E-1 4.94298E-1 8.83653E-1 4.94298E-1 3.45318E-1 1.519E-1 5.52543E-2 1.86679E-2 2.14738E-2 1.86679E-2 1.25393E-2 6.85654E-3 3.22935E-3 1.37126E-3 6.36744E-4 2.72383E-4 1.09637E-4 4.2166E-5 1.56672E-5 5.66904E-6 2.0093E-6 7.00602E-7 2.51263E-7 9.22139E-8 3.3254E-8 1.18167E-8 4.14706E-9 1.44007E-9 4.95543E-10 1.69191E-10 5.73748E-11 1.93415E-11 6.48637E-12 2.16538E-12
1.35294E-9 2.80513E-9 5.58835E-9 1.06512E-8 1.93325E-8 3.3254E-8 5.39379E-8 8.20867E-8 1.88594E-7 4.16012E-7 9.57727E-7 2.10732E-6 4.86358E-6 1.06675E-5 2.20046E-5 4.2166E-5 7.40163E-5 2.0391E-4 6.36744E-4 1.98085E-3 6.12143E-3 1.86679E-2 5.52543E-2 1.519E-1 3.45318E-1 4.94298E-1 8.83653E-1 4.94298E-1 3.45318E-1 1.519E-1 8.00313E-2 3.3578E-2 1.25393E-2 6.85654E-3 6.12143E-3 4.40997E-3 2.64463E-3 1.37126E-3 6.36744E-4 2.72383E-4 1.25418E-4 5.3947E-5 2.20046E-5 8.60982E-6 3.25988E-6 1.20234E-6 4.34188E-7 1.5412E-7 5.39379E-8 1.93325E-8 7.06981E-9 2.54689E-9 9.05777E-10 3.1857E-10 1.10969E-10 3.83307E-11 1.31429E-11 4.47731E-12 1.51656E-12
8.26542E-10 1.48581E-9 3.1929E-9 6.83508E-9 1.61915E-8 3.71375E-8 8.20867E-8 1.88594E-7 4.16012E-7 9.57727E-7 2.10732E-6 4.86358E-6 1.06675E-5 2.46983E-5 5.3947E-5 1.09637E-4 2.0391E-4 3.40574E-4 6.90902E-4 2.17826E-3 6.85654E-3 2.14738E-2 6.61976E-2 1.94342E-1 4.94298E-1 8.83653E-1 4.94298E-1 3.45318E-1 1.519E-1 8.00313E-2 3.3578E-2 1.62919E-2 6.85654E-3 2.64463E-3 1.98085E-3 1.50071E-3 9.65979E-4 5.42132E-4 2.72383E-4 1.25418E-4 5.3947E-5 2.46983E-5 1.06675E-5 4.39562E-6 1.74346E-6 6.70359E-7 2.51263E-7 9.22139E-8 3.3254E-8 1.18167E-8 4.14706E-9 1.48581E-9 5.41896E-10 1.95065E-10 6.94176E-11 2.44571E-11 8.54083E-12 2.95941E-12 1.0183E-12
2.17041E-9 4.01298E-9 7.31303E-9 1.61915E-8 3.44985E-8 8.20867E-8 1.88594E-7 4.16012E-7 9.57727E-7 2.10732E-6 4.86358E-6 1.06675E-5 2.46983E-5 5.3947E-5 1.25418E-4 2.72383E-4 5.42132E-4 9.65979E-4 1.50071E-3 1.98085E-3 6.12143E-3 1.86679E-2 5.52543E-2 1.519E-1 3.45318E-1 4.94298E-1 3.45318E-1 1.519E-1 8.00313E-2 3.3578E-2 1.62919E-2 6.85654E-3 3.22935E-3 1.37126E-3 6.36744E-4 5.00816E-4 3.40574E-4 2.0391E-4 1.09637E-4 5.3947E-5 2.46983E-5 1.06675E-5 4.86358E-6 2.10732E-6 8.75297E-7 3.51017E-7 1.367E-7 5.19435E-8 1.93325E-8 7.06981E-9 2.54689E-9 9.05777E-10 3.1857E-10 1.14107E-10 4.15291E-11 1.49398E-11 5.31941E-12 1.87683E-12 6.56808E-13
5.58835E-9 1.06512E-8 1.93325E-8 3.71375E-8 8.20867E-8 1.73912E-7 4.16012E-7 9.57727E-7 2.10732E-6 4.86358E-6 1.06675E-5 2.46983E-5 5.3947E-5 1.25418E-4 2.72383E-4 6.36744E-4 1.37126E-3 2.64463E-3 4.40997E-3 6.12143E-3 6.85654E-3 1.25393E-2 3.3578E-2 8.00313E-2 1.519E-1 1.94342E-1 1.519E-1 8.00313E-2 3.3578E-2 1.62919E-2 6.85654E-3 3.22935E-3 1.37126E-3 6.36744E-4 2.72383E-4 1.65064E-4 1.17235E-4 7.40163E-5 4.2166E-5 2.20046E-5 1.06675E-5 4.86358E-6 2.10732E-6 9.57727E-7 4.16012E-7 1.73912E-7 7.03784E-8 2.77041E-8 1.06512E-8 4.01298E-9 1.48581E-9 5.41896E-10 1.95065E-10 6.94176E-11 2.44571E-11 8.75844E-12 3.18223E-12 1.1442E-12 4.07563E-13
